time,layout,data
2025/08/01 14:34:49.283188992,"{'dim': [], 'data_offset': 0}",[0.0005871370085515082]
2025/08/01 14:34:49.283367065,"{'dim': [], 'data_offset': 0}",[0.0015202100621536374]
2025/08/01 14:34:49.284287578,"{'dim': [], 'data_offset': 0}",[0.0021813989151269197]
2025/08/01 14:34:49.285236935,"{'dim': [], 'data_offset': 0}",[0.0030670841224491596]
2025/08/01 14:34:49.286231336,"{'dim': [], 'data_offset': 0}",[0.003925025463104248]
2025/08/01 14:34:49.287206020,"{'dim': [], 'data_offset': 0}",[0.004804099444299936]
2025/08/01 14:34:49.288271735,"{'dim': [], 'data_offset': 0}",[0.005685898009687662]
2025/08/01 14:34:49.289268109,"{'dim': [], 'data_offset': 0}",[0.006560510955750942]
2025/08/01 14:34:49.290276938,"{'dim': [], 'data_offset': 0}",[0.007443780545145273]
2025/08/01 14:34:49.291305312,"{'dim': [], 'data_offset': 0}",[0.008317539468407631]
2025/08/01 14:34:49.292243037,"{'dim': [], 'data_offset': 0}",[0.009189504198729992]
2025/08/01 14:34:49.293259229,"{'dim': [], 'data_offset': 0}",[0.010032376274466515]
2025/08/01 14:34:49.294245575,"{'dim': [], 'data_offset': 0}",[0.010981273837387562]
2025/08/01 14:34:49.295297875,"{'dim': [], 'data_offset': 0}",[0.011793662793934345]
2025/08/01 14:34:49.296272249,"{'dim': [], 'data_offset': 0}",[0.012751373462378979]
2025/08/01 14:34:49.297319829,"{'dim': [], 'data_offset': 0}",[0.013633685186505318]
2025/08/01 14:34:49.298495089,"{'dim': [], 'data_offset': 0}",[0.014516753144562244]
2025/08/01 14:34:49.299213955,"{'dim': [], 'data_offset': 0}",[0.015449239872395992]
2025/08/01 14:34:49.300245415,"{'dim': [], 'data_offset': 0}",[0.01619097962975502]
2025/08/01 14:34:49.301339944,"{'dim': [], 'data_offset': 0}",[0.017018401995301247]
2025/08/01 14:34:49.302276066,"{'dim': [], 'data_offset': 0}",[0.017950376495718956]
2025/08/01 14:34:49.303313016,"{'dim': [], 'data_offset': 0}",[0.018841098994016647]
2025/08/01 14:34:49.304328808,"{'dim': [], 'data_offset': 0}",[0.019715415313839912]
2025/08/01 14:34:49.305273957,"{'dim': [], 'data_offset': 0}",[0.02059001848101616]
2025/08/01 14:34:49.306278767,"{'dim': [], 'data_offset': 0}",[0.021420177072286606]
2025/08/01 14:34:49.307365872,"{'dim': [], 'data_offset': 0}",[0.022261174395680428]
2025/08/01 14:34:49.308384879,"{'dim': [], 'data_offset': 0}",[0.02257009595632553]
2025/08/01 14:34:49.309349214,"{'dim': [], 'data_offset': 0}",[0.024736814200878143]
2025/08/01 14:34:49.311932148,"{'dim': [], 'data_offset': 0}",[0.02352849394083023]
2025/08/01 14:34:49.312201603,"{'dim': [], 'data_offset': 0}",[0.028553472831845284]
2025/08/01 14:34:49.313240297,"{'dim': [], 'data_offset': 0}",[0.027323884889483452]
2025/08/01 14:34:49.314238345,"{'dim': [], 'data_offset': 0}",[0.028313318267464638]
2025/08/01 14:34:49.315366667,"{'dim': [], 'data_offset': 0}",[0.029214760288596153]
2025/08/01 14:34:49.316493005,"{'dim': [], 'data_offset': 0}",[0.030091246590018272]
2025/08/01 14:34:49.317317167,"{'dim': [], 'data_offset': 0}",[0.03091231919825077]
2025/08/01 14:34:49.318299756,"{'dim': [], 'data_offset': 0}",[0.03173249587416649]
2025/08/01 14:34:49.319301671,"{'dim': [], 'data_offset': 0}",[0.03258724883198738]
2025/08/01 14:34:49.320343812,"{'dim': [], 'data_offset': 0}",[0.033424023538827896]
2025/08/01 14:34:49.321331080,"{'dim': [], 'data_offset': 0}",[0.03428327292203903]
2025/08/01 14:34:49.322434375,"{'dim': [], 'data_offset': 0}",[0.03515833988785744]
2025/08/01 14:34:49.323294625,"{'dim': [], 'data_offset': 0}",[0.03602362796664238]
2025/08/01 14:34:49.324265031,"{'dim': [], 'data_offset': 0}",[0.036828819662332535]
2025/08/01 14:34:49.325282215,"{'dim': [], 'data_offset': 0}",[0.03767535090446472]
2025/08/01 14:34:49.326258302,"{'dim': [], 'data_offset': 0}",[0.03847507759928703]
2025/08/01 14:34:49.327395831,"{'dim': [], 'data_offset': 0}",[0.03945077955722809]
2025/08/01 14:34:49.328526176,"{'dim': [], 'data_offset': 0}",[0.040257155895233154]
2025/08/01 14:34:49.329253007,"{'dim': [], 'data_offset': 0}",[0.04109630733728409]
2025/08/01 14:34:49.330253970,"{'dim': [], 'data_offset': 0}",[0.04188238084316254]
2025/08/01 14:34:49.331267948,"{'dim': [], 'data_offset': 0}",[0.0427531898021698]
2025/08/01 14:34:49.332257821,"{'dim': [], 'data_offset': 0}",[0.04357205703854561]
2025/08/01 14:34:49.333339926,"{'dim': [], 'data_offset': 0}",[0.04346643388271332]
2025/08/01 14:34:49.334457828,"{'dim': [], 'data_offset': 0}",[0.046143606305122375]
2025/08/01 14:34:49.335304944,"{'dim': [], 'data_offset': 0}",[0.046165481209754944]
2025/08/01 14:34:49.336299385,"{'dim': [], 'data_offset': 0}",[0.046926647424697876]
2025/08/01 14:34:49.337255695,"{'dim': [], 'data_offset': 0}",[0.04776039347052574]
2025/08/01 14:34:49.338261628,"{'dim': [], 'data_offset': 0}",[0.04855835437774658]
2025/08/01 14:34:49.339340747,"{'dim': [], 'data_offset': 0}",[0.049458831548690796]
2025/08/01 14:34:49.340398447,"{'dim': [], 'data_offset': 0}",[0.05014825239777565]
2025/08/01 14:34:49.341242276,"{'dim': [], 'data_offset': 0}",[0.051270004361867905]
2025/08/01 14:34:49.342230346,"{'dim': [], 'data_offset': 0}",[0.051924630999565125]
2025/08/01 14:34:49.343265022,"{'dim': [], 'data_offset': 0}",[0.0526488833129406]
2025/08/01 14:34:49.344336187,"{'dim': [], 'data_offset': 0}",[0.05345960333943367]
2025/08/01 14:34:49.345340477,"{'dim': [], 'data_offset': 0}",[0.05452863872051239]
2025/08/01 14:34:49.346451586,"{'dim': [], 'data_offset': 0}",[0.05524368956685066]
2025/08/01 14:34:49.347297520,"{'dim': [], 'data_offset': 0}",[0.056038759648799896]
2025/08/01 14:34:49.348317298,"{'dim': [], 'data_offset': 0}",[0.05685105547308922]
2025/08/01 14:34:49.349299897,"{'dim': [], 'data_offset': 0}",[0.057655952870845795]
2025/08/01 14:34:49.350310218,"{'dim': [], 'data_offset': 0}",[0.058473147451877594]
2025/08/01 14:34:49.351316872,"{'dim': [], 'data_offset': 0}",[0.059289462864398956]
2025/08/01 14:34:49.352446236,"{'dim': [], 'data_offset': 0}",[0.06012922152876854]
2025/08/01 14:34:49.353272532,"{'dim': [], 'data_offset': 0}",[0.06089172512292862]
2025/08/01 14:34:49.354320865,"{'dim': [], 'data_offset': 0}",[0.06178939342498779]
2025/08/01 14:34:49.355342337,"{'dim': [], 'data_offset': 0}",[0.06248202174901962]
2025/08/01 14:34:49.356333612,"{'dim': [], 'data_offset': 0}",[0.06341264396905899]
2025/08/01 14:34:49.357333633,"{'dim': [], 'data_offset': 0}",[0.06417625397443771]
2025/08/01 14:34:49.358246141,"{'dim': [], 'data_offset': 0}",[0.06499820947647095]
2025/08/01 14:34:49.359258556,"{'dim': [], 'data_offset': 0}",[0.06575866788625717]
2025/08/01 14:34:49.360445067,"{'dim': [], 'data_offset': 0}",[0.06643086671829224]
2025/08/01 14:34:49.361466318,"{'dim': [], 'data_offset': 0}",[0.06643504649400711]
2025/08/01 14:34:49.362322471,"{'dim': [], 'data_offset': 0}",[0.06650900840759277]
2025/08/01 14:34:49.363298588,"{'dim': [], 'data_offset': 0}",[0.07191260159015656]
2025/08/01 14:34:49.364303038,"{'dim': [], 'data_offset': 0}",[0.06980742514133453]
2025/08/01 14:34:49.365284915,"{'dim': [], 'data_offset': 0}",[0.07052852213382721]
2025/08/01 14:34:49.366340601,"{'dim': [], 'data_offset': 0}",[0.07140950113534927]
2025/08/01 14:34:49.367352515,"{'dim': [], 'data_offset': 0}",[0.072170689702034]
2025/08/01 14:34:49.368342989,"{'dim': [], 'data_offset': 0}",[0.07296381890773773]
2025/08/01 14:34:49.369348351,"{'dim': [], 'data_offset': 0}",[0.07375571131706238]
2025/08/01 14:34:49.370410619,"{'dim': [], 'data_offset': 0}",[0.07454627007246017]
2025/08/01 14:34:49.371344757,"{'dim': [], 'data_offset': 0}",[0.07533519715070724]
2025/08/01 14:34:49.372354848,"{'dim': [], 'data_offset': 0}",[0.07612278312444687]
2025/08/01 14:34:49.373360159,"{'dim': [], 'data_offset': 0}",[0.07689116150140762]
2025/08/01 14:34:49.374341406,"{'dim': [], 'data_offset': 0}",[0.07771242409944534]
2025/08/01 14:34:49.375408553,"{'dim': [], 'data_offset': 0}",[0.07850288599729538]
2025/08/01 14:34:49.376411971,"{'dim': [], 'data_offset': 0}",[0.07930592447519302]
2025/08/01 14:34:49.377295585,"{'dim': [], 'data_offset': 0}",[0.08002083748579025]
2025/08/01 14:34:49.378337926,"{'dim': [], 'data_offset': 0}",[0.08083723485469818]
2025/08/01 14:34:49.379341955,"{'dim': [], 'data_offset': 0}",[0.08157525956630707]
2025/08/01 14:34:49.380348258,"{'dim': [], 'data_offset': 0}",[0.0823700875043869]
2025/08/01 14:34:49.381342539,"{'dim': [], 'data_offset': 0}",[0.0831640362739563]
2025/08/01 14:34:49.382409516,"{'dim': [], 'data_offset': 0}",[0.08389912545681]
2025/08/01 14:34:49.383343394,"{'dim': [], 'data_offset': 0}",[0.0847107470035553]
2025/08/01 14:34:49.384340140,"{'dim': [], 'data_offset': 0}",[0.08543815463781357]
2025/08/01 14:34:49.385342546,"{'dim': [], 'data_offset': 0}",[0.08622723072767258]
2025/08/01 14:34:49.386366502,"{'dim': [], 'data_offset': 0}",[0.08635205775499344]
2025/08/01 14:34:49.387341006,"{'dim': [], 'data_offset': 0}",[0.088429756462574]
2025/08/01 14:34:49.388414516,"{'dim': [], 'data_offset': 0}",[0.08856663107872009]
2025/08/01 14:34:49.389340749,"{'dim': [], 'data_offset': 0}",[0.08926435559988022]
2025/08/01 14:34:49.390354316,"{'dim': [], 'data_offset': 0}",[0.09004373848438263]
2025/08/01 14:34:49.391340953,"{'dim': [], 'data_offset': 0}",[0.09069456905126572]
2025/08/01 14:34:49.392343098,"{'dim': [], 'data_offset': 0}",[0.0917128324508667]
2025/08/01 14:34:49.393348180,"{'dim': [], 'data_offset': 0}",[0.09225017577409744]
2025/08/01 14:34:49.394420106,"{'dim': [], 'data_offset': 0}",[0.09311733394861221]
2025/08/01 14:34:49.395518642,"{'dim': [], 'data_offset': 0}",[0.08857161551713943]
2025/08/01 14:34:49.396373462,"{'dim': [], 'data_offset': 0}",[0.09904374182224274]
2025/08/01 14:34:49.397354628,"{'dim': [], 'data_offset': 0}",[0.09652424603700638]
2025/08/01 14:34:49.398335584,"{'dim': [], 'data_offset': 0}",[0.0960661843419075]
2025/08/01 14:34:49.399336918,"{'dim': [], 'data_offset': 0}",[0.09683635085821152]
2025/08/01 14:34:49.400417421,"{'dim': [], 'data_offset': 0}",[0.09756200015544891]
2025/08/01 14:34:49.401416791,"{'dim': [], 'data_offset': 0}",[0.09828036278486252]
2025/08/01 14:34:49.402337765,"{'dim': [], 'data_offset': 0}",[0.09906402230262756]
2025/08/01 14:34:49.403340982,"{'dim': [], 'data_offset': 0}",[0.09975598007440567]
2025/08/01 14:34:49.404337037,"{'dim': [], 'data_offset': 0}",[0.10051668435335159]
2025/08/01 14:34:49.405368087,"{'dim': [], 'data_offset': 0}",[0.1013045459985733]
2025/08/01 14:34:49.406421428,"{'dim': [], 'data_offset': 0}",[0.10197172313928604]
2025/08/01 14:34:49.407285074,"{'dim': [], 'data_offset': 0}",[0.10272382199764252]
2025/08/01 14:34:49.408345790,"{'dim': [], 'data_offset': 0}",[0.10342450439929962]
2025/08/01 14:34:49.409340271,"{'dim': [], 'data_offset': 0}",[0.10420206934213638]
2025/08/01 14:34:49.410336165,"{'dim': [], 'data_offset': 0}",[0.10490359365940094]
2025/08/01 14:34:49.411297103,"{'dim': [], 'data_offset': 0}",[0.10527718812227249]
2025/08/01 14:34:49.412376403,"{'dim': [], 'data_offset': 0}",[0.1069386750459671]
2025/08/01 14:34:49.413285936,"{'dim': [], 'data_offset': 0}",[0.10654031485319138]
2025/08/01 14:34:49.414285497,"{'dim': [], 'data_offset': 0}",[0.10838918387889862]
2025/08/01 14:34:49.415282934,"{'dim': [], 'data_offset': 0}",[0.10843213647603989]
2025/08/01 14:34:49.416283396,"{'dim': [], 'data_offset': 0}",[0.10920076072216034]
2025/08/01 14:34:49.417274932,"{'dim': [], 'data_offset': 0}",[0.10994119197130203]
2025/08/01 14:34:49.418277368,"{'dim': [], 'data_offset': 0}",[0.11062714457511902]
2025/08/01 14:34:49.419266139,"{'dim': [], 'data_offset': 0}",[0.11136454343795776]
2025/08/01 14:34:49.420242586,"{'dim': [], 'data_offset': 0}",[0.11207349598407745]
2025/08/01 14:34:49.421243600,"{'dim': [], 'data_offset': 0}",[0.11272772401571274]
2025/08/01 14:34:49.422223884,"{'dim': [], 'data_offset': 0}",[0.11351519823074341]
2025/08/01 14:34:49.423262258,"{'dim': [], 'data_offset': 0}",[0.11410988867282867]
2025/08/01 14:34:49.424181959,"{'dim': [], 'data_offset': 0}",[0.11486572027206421]
2025/08/01 14:34:49.425230181,"{'dim': [], 'data_offset': 0}",[0.11556568741798401]
2025/08/01 14:34:49.426225163,"{'dim': [], 'data_offset': 0}",[0.11620859801769257]
2025/08/01 14:34:49.427228341,"{'dim': [], 'data_offset': 0}",[0.1170164942741394]
2025/08/01 14:34:49.428308222,"{'dim': [], 'data_offset': 0}",[0.1164475753903389]
2025/08/01 14:34:49.429271375,"{'dim': [], 'data_offset': 0}",[0.11967641115188599]
2025/08/01 14:34:49.430379579,"{'dim': [], 'data_offset': 0}",[0.11906681209802628]
2025/08/01 14:34:49.431278401,"{'dim': [], 'data_offset': 0}",[0.11972682923078537]
2025/08/01 14:34:49.432277972,"{'dim': [], 'data_offset': 0}",[0.12041409313678741]
2025/08/01 14:34:49.433253217,"{'dim': [], 'data_offset': 0}",[0.12112805992364883]
2025/08/01 14:34:49.434270852,"{'dim': [], 'data_offset': 0}",[0.12175292521715164]
2025/08/01 14:34:49.435328021,"{'dim': [], 'data_offset': 0}",[0.12243376672267914]
2025/08/01 14:34:49.436428300,"{'dim': [], 'data_offset': 0}",[0.12317132949829102]
2025/08/01 14:34:49.437282629,"{'dim': [], 'data_offset': 0}",[0.1238195076584816]
2025/08/01 14:34:49.438288852,"{'dim': [], 'data_offset': 0}",[0.12452501058578491]
2025/08/01 14:34:49.439286239,"{'dim': [], 'data_offset': 0}",[0.12510903179645538]
2025/08/01 14:34:49.440273647,"{'dim': [], 'data_offset': 0}",[0.12590020895004272]
2025/08/01 14:34:49.441290300,"{'dim': [], 'data_offset': 0}",[0.1265401691198349]
2025/08/01 14:34:49.442388465,"{'dim': [], 'data_offset': 0}",[0.1271776258945465]
2025/08/01 14:34:49.443279523,"{'dim': [], 'data_offset': 0}",[0.12781305611133575]
2025/08/01 14:34:49.444278473,"{'dim': [], 'data_offset': 0}",[0.12853780388832092]
2025/08/01 14:34:49.445527210,"{'dim': [], 'data_offset': 0}",[0.1268984079360962]
2025/08/01 14:34:49.446563630,"{'dim': [], 'data_offset': 0}",[0.12994606792926788]
2025/08/01 14:34:49.447281233,"{'dim': [], 'data_offset': 0}",[0.13289235532283783]
2025/08/01 14:34:49.448387463,"{'dim': [], 'data_offset': 0}",[0.13124053180217743]
2025/08/01 14:34:49.449298879,"{'dim': [], 'data_offset': 0}",[0.1318010687828064]
2025/08/01 14:34:49.450301525,"{'dim': [], 'data_offset': 0}",[0.1325061172246933]
2025/08/01 14:34:49.451297660,"{'dim': [], 'data_offset': 0}",[0.13312414288520813]
2025/08/01 14:34:49.452282764,"{'dim': [], 'data_offset': 0}",[0.13377156853675842]
2025/08/01 14:34:49.453335975,"{'dim': [], 'data_offset': 0}",[0.13445842266082764]
2025/08/01 14:34:49.454434221,"{'dim': [], 'data_offset': 0}",[0.13501635193824768]
2025/08/01 14:34:49.455334485,"{'dim': [], 'data_offset': 0}",[0.1357121765613556]
2025/08/01 14:34:49.456322354,"{'dim': [], 'data_offset': 0}",[0.13634181022644043]
2025/08/01 14:34:49.457284986,"{'dim': [], 'data_offset': 0}",[0.13697907328605652]
2025/08/01 14:34:49.458328950,"{'dim': [], 'data_offset': 0}",[0.13761398196220398]
2025/08/01 14:34:49.459325174,"{'dim': [], 'data_offset': 0}",[0.1382800042629242]
2025/08/01 14:34:49.460442886,"{'dim': [], 'data_offset': 0}",[0.1388573944568634]
2025/08/01 14:34:49.461330307,"{'dim': [], 'data_offset': 0}",[0.1395542174577713]
2025/08/01 14:34:49.462334417,"{'dim': [], 'data_offset': 0}",[0.14010269939899445]
2025/08/01 14:34:49.463357802,"{'dim': [], 'data_offset': 0}",[0.14030548930168152]
2025/08/01 14:34:49.464347595,"{'dim': [], 'data_offset': 0}",[0.14190508425235748]
2025/08/01 14:34:49.465376510,"{'dim': [], 'data_offset': 0}",[0.1420145183801651]
2025/08/01 14:34:49.466439039,"{'dim': [], 'data_offset': 0}",[0.14260999858379364]
2025/08/01 14:34:49.467278631,"{'dim': [], 'data_offset': 0}",[0.1432492733001709]
2025/08/01 14:34:49.468336741,"{'dim': [], 'data_offset': 0}",[0.14381834864616394]
2025/08/01 14:34:49.469331463,"{'dim': [], 'data_offset': 0}",[0.14453448355197906]
2025/08/01 14:34:49.470328569,"{'dim': [], 'data_offset': 0}",[0.1450410783290863]
2025/08/01 14:34:49.471343048,"{'dim': [], 'data_offset': 0}",[0.14569467306137085]
2025/08/01 14:34:49.472330896,"{'dim': [], 'data_offset': 0}",[0.1463727205991745]
2025/08/01 14:34:49.473331229,"{'dim': [], 'data_offset': 0}",[0.14685682952404022]
2025/08/01 14:34:49.474349895,"{'dim': [], 'data_offset': 0}",[0.14694657921791077]
2025/08/01 14:34:49.475330992,"{'dim': [], 'data_offset': 0}",[0.14863775670528412]
2025/08/01 14:34:49.476331935,"{'dim': [], 'data_offset': 0}",[0.1487254500389099]
2025/08/01 14:34:49.477370589,"{'dim': [], 'data_offset': 0}",[0.14926284551620483]
2025/08/01 14:34:49.478444970,"{'dim': [], 'data_offset': 0}",[0.14990301430225372]
2025/08/01 14:34:49.479278680,"{'dim': [], 'data_offset': 0}",[0.150482177734375]
2025/08/01 14:34:49.480332192,"{'dim': [], 'data_offset': 0}",[0.15105724334716797]
2025/08/01 14:34:49.481329178,"{'dim': [], 'data_offset': 0}",[0.15164221823215485]
2025/08/01 14:34:49.482343286,"{'dim': [], 'data_offset': 0}",[0.15226241946220398]
2025/08/01 14:34:49.483328240,"{'dim': [], 'data_offset': 0}",[0.15273497998714447]
2025/08/01 14:34:49.484448737,"{'dim': [], 'data_offset': 0}",[0.15347009897232056]
2025/08/01 14:34:49.485346116,"{'dim': [], 'data_offset': 0}",[0.15398213267326355]
2025/08/01 14:34:49.486334987,"{'dim': [], 'data_offset': 0}",[0.15458188951015472]
2025/08/01 14:34:49.487325932,"{'dim': [], 'data_offset': 0}",[0.15507560968399048]
2025/08/01 14:34:49.488337225,"{'dim': [], 'data_offset': 0}",[0.15571998059749603]
2025/08/01 14:34:49.489328620,"{'dim': [], 'data_offset': 0}",[0.15621384978294373]
2025/08/01 14:34:49.490448847,"{'dim': [], 'data_offset': 0}",[0.15679451823234558]
2025/08/01 14:34:49.491327171,"{'dim': [], 'data_offset': 0}",[0.15743324160575867]
2025/08/01 14:34:49.492331961,"{'dim': [], 'data_offset': 0}",[0.1579800397157669]
2025/08/01 14:34:49.493327505,"{'dim': [], 'data_offset': 0}",[0.15842624008655548]
2025/08/01 14:34:49.494323268,"{'dim': [], 'data_offset': 0}",[0.15913449227809906]
2025/08/01 14:34:49.495332116,"{'dim': [], 'data_offset': 0}",[0.15938591957092285]
2025/08/01 14:34:49.496501004,"{'dim': [], 'data_offset': 0}",[0.16033829748630524]
2025/08/01 14:34:49.497329034,"{'dim': [], 'data_offset': 0}",[0.16084176301956177]
2025/08/01 14:34:49.498333895,"{'dim': [], 'data_offset': 0}",[0.1612636148929596]
2025/08/01 14:34:49.499332584,"{'dim': [], 'data_offset': 0}",[0.16177138686180115]
2025/08/01 14:34:49.500340891,"{'dim': [], 'data_offset': 0}",[0.16239161789417267]
2025/08/01 14:34:49.501329401,"{'dim': [], 'data_offset': 0}",[0.16281567513942719]
2025/08/01 14:34:49.502454948,"{'dim': [], 'data_offset': 0}",[0.16348254680633545]
2025/08/01 14:34:49.503327391,"{'dim': [], 'data_offset': 0}",[0.16398164629936218]
2025/08/01 14:34:49.504332332,"{'dim': [], 'data_offset': 0}",[0.16450142860412598]
2025/08/01 14:34:49.505356529,"{'dim': [], 'data_offset': 0}",[0.1650329828262329]
2025/08/01 14:34:49.506341592,"{'dim': [], 'data_offset': 0}",[0.1655624508857727]
2025/08/01 14:34:49.507350551,"{'dim': [], 'data_offset': 0}",[0.16555184125900269]
2025/08/01 14:34:49.508457232,"{'dim': [], 'data_offset': 0}",[0.1671322137117386]
2025/08/01 14:34:49.509332430,"{'dim': [], 'data_offset': 0}",[0.1672362983226776]
2025/08/01 14:34:49.510330989,"{'dim': [], 'data_offset': 0}",[0.16765646636486053]
2025/08/01 14:34:49.511329438,"{'dim': [], 'data_offset': 0}",[0.1681327223777771]
2025/08/01 14:34:49.512339288,"{'dim': [], 'data_offset': 0}",[0.16872796416282654]
2025/08/01 14:34:49.513325914,"{'dim': [], 'data_offset': 0}",[0.16916029155254364]
2025/08/01 14:34:49.514361392,"{'dim': [], 'data_offset': 0}",[0.16950933635234833]
2025/08/01 14:34:49.515292365,"{'dim': [], 'data_offset': 0}",[0.17038168013095856]
2025/08/01 14:34:49.516317694,"{'dim': [], 'data_offset': 0}",[0.17076502740383148]
2025/08/01 14:34:49.517311855,"{'dim': [], 'data_offset': 0}",[0.17118632793426514]
2025/08/01 14:34:49.518302729,"{'dim': [], 'data_offset': 0}",[0.17065255343914032]
2025/08/01 14:34:49.519364757,"{'dim': [], 'data_offset': 0}",[0.17339397966861725]
2025/08/01 14:34:49.520462161,"{'dim': [], 'data_offset': 0}",[0.17271196842193604]
2025/08/01 14:34:49.521279410,"{'dim': [], 'data_offset': 0}",[0.17318718135356903]
2025/08/01 14:34:49.522315910,"{'dim': [], 'data_offset': 0}",[0.17333485186100006]
2025/08/01 14:34:49.523279183,"{'dim': [], 'data_offset': 0}",[0.17444482445716858]
2025/08/01 14:34:49.524274226,"{'dim': [], 'data_offset': 0}",[0.17488984763622284]
2025/08/01 14:34:49.525303542,"{'dim': [], 'data_offset': 0}",[0.17499838769435883]
2025/08/01 14:34:49.526440109,"{'dim': [], 'data_offset': 0}",[0.17574003338813782]
2025/08/01 14:34:49.527300059,"{'dim': [], 'data_offset': 0}",[0.17622901499271393]
2025/08/01 14:34:49.528305010,"{'dim': [], 'data_offset': 0}",[0.17639103531837463]
2025/08/01 14:34:49.529345507,"{'dim': [], 'data_offset': 0}",[0.17724426090717316]
2025/08/01 14:34:49.530280337,"{'dim': [], 'data_offset': 0}",[0.17750447988510132]
2025/08/01 14:34:49.531338046,"{'dim': [], 'data_offset': 0}",[0.1780310571193695]
2025/08/01 14:34:49.532462792,"{'dim': [], 'data_offset': 0}",[0.17851363122463226]
2025/08/01 14:34:49.533336036,"{'dim': [], 'data_offset': 0}",[0.17767539620399475]
2025/08/01 14:34:49.534296243,"{'dim': [], 'data_offset': 0}",[0.1813787966966629]
2025/08/01 14:34:49.535523951,"{'dim': [], 'data_offset': 0}",[0.1766585111618042]
2025/08/01 14:34:49.536316715,"{'dim': [], 'data_offset': 0}",[0.18375620245933533]
2025/08/01 14:34:49.537386307,"{'dim': [], 'data_offset': 0}",[0.18079166114330292]
2025/08/01 14:34:49.538335283,"{'dim': [], 'data_offset': 0}",[0.18117280304431915]
2025/08/01 14:34:49.539311730,"{'dim': [], 'data_offset': 0}",[0.18178628385066986]
2025/08/01 14:34:49.540338793,"{'dim': [], 'data_offset': 0}",[0.18208521604537964]
2025/08/01 14:34:49.541315410,"{'dim': [], 'data_offset': 0}",[0.1826162487268448]
2025/08/01 14:34:49.542314250,"{'dim': [], 'data_offset': 0}",[0.18300995230674744]
2025/08/01 14:34:49.543381427,"{'dim': [], 'data_offset': 0}",[0.1834230124950409]
2025/08/01 14:34:49.544334681,"{'dim': [], 'data_offset': 0}",[0.18395927548408508]
2025/08/01 14:34:49.545244084,"{'dim': [], 'data_offset': 0}",[0.18433448672294617]
2025/08/01 14:34:49.546329345,"{'dim': [], 'data_offset': 0}",[0.18475162982940674]
2025/08/01 14:34:49.547316613,"{'dim': [], 'data_offset': 0}",[0.185136616230011]
2025/08/01 14:34:49.548310873,"{'dim': [], 'data_offset': 0}",[0.1856507658958435]
2025/08/01 14:34:49.549393991,"{'dim': [], 'data_offset': 0}",[0.18600408732891083]
2025/08/01 14:34:49.550340302,"{'dim': [], 'data_offset': 0}",[0.18648241460323334]
2025/08/01 14:34:49.551335134,"{'dim': [], 'data_offset': 0}",[0.1868899017572403]
2025/08/01 14:34:49.552312233,"{'dim': [], 'data_offset': 0}",[0.18729020655155182]
2025/08/01 14:34:49.553289562,"{'dim': [], 'data_offset': 0}",[0.1877449005842209]
2025/08/01 14:34:49.554318778,"{'dim': [], 'data_offset': 0}",[0.1881566196680069]
2025/08/01 14:34:49.555303301,"{'dim': [], 'data_offset': 0}",[0.1884293109178543]
2025/08/01 14:34:49.556343498,"{'dim': [], 'data_offset': 0}",[0.18894022703170776]
2025/08/01 14:34:49.557410194,"{'dim': [], 'data_offset': 0}",[0.18944136798381805]
2025/08/01 14:34:49.558312573,"{'dim': [], 'data_offset': 0}",[0.1896386295557022]
2025/08/01 14:34:49.559310621,"{'dim': [], 'data_offset': 0}",[0.1901269108057022]
2025/08/01 14:34:49.560321713,"{'dim': [], 'data_offset': 0}",[0.19061410427093506]
2025/08/01 14:34:49.561315563,"{'dim': [], 'data_offset': 0}",[0.1908712238073349]
2025/08/01 14:34:49.562439607,"{'dim': [], 'data_offset': 0}",[0.19133658707141876]
2025/08/01 14:34:49.563346695,"{'dim': [], 'data_offset': 0}",[0.19167083501815796]
2025/08/01 14:34:49.564328443,"{'dim': [], 'data_offset': 0}",[0.19203394651412964]
2025/08/01 14:34:49.565310771,"{'dim': [], 'data_offset': 0}",[0.19250759482383728]
2025/08/01 14:34:49.566324318,"{'dim': [], 'data_offset': 0}",[0.19284197688102722]
2025/08/01 14:34:49.567417664,"{'dim': [], 'data_offset': 0}",[0.19327907264232635]
2025/08/01 14:34:49.568237419,"{'dim': [], 'data_offset': 0}",[0.1936105489730835]
2025/08/01 14:34:49.569247970,"{'dim': [], 'data_offset': 0}",[0.19391879439353943]
2025/08/01 14:34:49.570299548,"{'dim': [], 'data_offset': 0}",[0.19438078999519348]
2025/08/01 14:34:49.571326400,"{'dim': [], 'data_offset': 0}",[0.1947013884782791]
2025/08/01 14:34:49.572309210,"{'dim': [], 'data_offset': 0}",[0.19506536424160004]
2025/08/01 14:34:49.573363052,"{'dim': [], 'data_offset': 0}",[0.19542987644672394]
2025/08/01 14:34:49.574348897,"{'dim': [], 'data_offset': 0}",[0.1958037167787552]
2025/08/01 14:34:49.575303193,"{'dim': [], 'data_offset': 0}",[0.1961572915315628]
2025/08/01 14:34:49.576319395,"{'dim': [], 'data_offset': 0}",[0.19612060487270355]
2025/08/01 14:34:49.577313836,"{'dim': [], 'data_offset': 0}",[0.19717541337013245]
2025/08/01 14:34:49.578312556,"{'dim': [], 'data_offset': 0}",[0.19719430804252625]
2025/08/01 14:34:49.579385203,"{'dim': [], 'data_offset': 0}",[0.1975976973772049]
2025/08/01 14:34:49.580357172,"{'dim': [], 'data_offset': 0}",[0.19767655432224274]
2025/08/01 14:34:49.581251556,"{'dim': [], 'data_offset': 0}",[0.19854801893234253]
2025/08/01 14:34:49.582309527,"{'dim': [], 'data_offset': 0}",[0.1984664499759674]
2025/08/01 14:34:49.583257902,"{'dim': [], 'data_offset': 0}",[0.19894342124462128]
2025/08/01 14:34:49.584345888,"{'dim': [], 'data_offset': 0}",[0.1992308348417282]
2025/08/01 14:34:49.585256182,"{'dim': [], 'data_offset': 0}",[0.19951200485229492]
2025/08/01 14:34:49.586353746,"{'dim': [], 'data_offset': 0}",[0.1999863088130951]
2025/08/01 14:34:49.587422266,"{'dim': [], 'data_offset': 0}",[0.20017054677009583]
2025/08/01 14:34:49.588255646,"{'dim': [], 'data_offset': 0}",[0.2004823237657547]
2025/08/01 14:34:49.589318505,"{'dim': [], 'data_offset': 0}",[0.20089805126190186]
2025/08/01 14:34:49.590306083,"{'dim': [], 'data_offset': 0}",[0.20111848413944244]
2025/08/01 14:34:49.591393739,"{'dim': [], 'data_offset': 0}",[0.20158082246780396]
2025/08/01 14:34:49.592256624,"{'dim': [], 'data_offset': 0}",[0.20169734954833984]
2025/08/01 14:34:49.593229465,"{'dim': [], 'data_offset': 0}",[0.20209763944149017]
2025/08/01 14:34:49.594232652,"{'dim': [], 'data_offset': 0}",[0.20245149731636047]
2025/08/01 14:34:49.595349643,"{'dim': [], 'data_offset': 0}",[0.20266354084014893]
2025/08/01 14:34:49.596249277,"{'dim': [], 'data_offset': 0}",[0.2030600756406784]
2025/08/01 14:34:49.597265338,"{'dim': [], 'data_offset': 0}",[0.20305870473384857]
2025/08/01 14:34:49.598251184,"{'dim': [], 'data_offset': 0}",[0.20263125002384186]
2025/08/01 14:34:49.599257998,"{'dim': [], 'data_offset': 0}",[0.2050100713968277]
2025/08/01 14:34:49.600260685,"{'dim': [], 'data_offset': 0}",[0.20417676866054535]
2025/08/01 14:34:49.601258382,"{'dim': [], 'data_offset': 0}",[0.20436632633209229]
2025/08/01 14:34:49.602255629,"{'dim': [], 'data_offset': 0}",[0.2049430012702942]
2025/08/01 14:34:49.603265378,"{'dim': [], 'data_offset': 0}",[0.2050277441740036]
2025/08/01 14:34:49.604360759,"{'dim': [], 'data_offset': 0}",[0.2052644044160843]
2025/08/01 14:34:49.605308082,"{'dim': [], 'data_offset': 0}",[0.2055865079164505]
2025/08/01 14:34:49.606322490,"{'dim': [], 'data_offset': 0}",[0.20523062348365784]
2025/08/01 14:34:49.607249425,"{'dim': [], 'data_offset': 0}",[0.20677782595157623]
2025/08/01 14:34:49.608246641,"{'dim': [], 'data_offset': 0}",[0.20643927156925201]
2025/08/01 14:34:49.609268013,"{'dim': [], 'data_offset': 0}",[0.2066543996334076]
2025/08/01 14:34:49.610246464,"{'dim': [], 'data_offset': 0}",[0.20691590011119843]
2025/08/01 14:34:49.611262506,"{'dim': [], 'data_offset': 0}",[0.20712527632713318]
2025/08/01 14:34:49.612249664,"{'dim': [], 'data_offset': 0}",[0.2074306458234787]
2025/08/01 14:34:49.613345495,"{'dim': [], 'data_offset': 0}",[0.20758557319641113]
2025/08/01 14:34:49.614243045,"{'dim': [], 'data_offset': 0}",[0.20783546566963196]
2025/08/01 14:34:49.615328706,"{'dim': [], 'data_offset': 0}",[0.2084803730249405]
2025/08/01 14:34:49.616265590,"{'dim': [], 'data_offset': 0}",[0.2083778828382492]
2025/08/01 14:34:49.617328089,"{'dim': [], 'data_offset': 0}",[0.2086723893880844]
2025/08/01 14:34:49.618258500,"{'dim': [], 'data_offset': 0}",[0.20896245539188385]
2025/08/01 14:34:49.619300831,"{'dim': [], 'data_offset': 0}",[0.20909550786018372]
2025/08/01 14:34:49.620302986,"{'dim': [], 'data_offset': 0}",[0.2094290852546692]
2025/08/01 14:34:49.621242375,"{'dim': [], 'data_offset': 0}",[0.20951016247272491]
2025/08/01 14:34:49.622227148,"{'dim': [], 'data_offset': 0}",[0.2094888985157013]
2025/08/01 14:34:49.623245063,"{'dim': [], 'data_offset': 0}",[0.2102142721414566]
2025/08/01 14:34:49.624250014,"{'dim': [], 'data_offset': 0}",[0.21048735082149506]
2025/08/01 14:34:49.625246659,"{'dim': [], 'data_offset': 0}",[0.21055658161640167]
2025/08/01 14:34:49.626314678,"{'dim': [], 'data_offset': 0}",[0.21042807400226593]
2025/08/01 14:34:49.627395291,"{'dim': [], 'data_offset': 0}",[0.21119359135627747]
2025/08/01 14:34:49.628300254,"{'dim': [], 'data_offset': 0}",[0.21120496094226837]
2025/08/01 14:34:49.629240885,"{'dim': [], 'data_offset': 0}",[0.21142053604125977]
2025/08/01 14:34:49.630247198,"{'dim': [], 'data_offset': 0}",[0.21121029555797577]
2025/08/01 14:34:49.631197537,"{'dim': [], 'data_offset': 0}",[0.2125535011291504]
2025/08/01 14:34:49.632259495,"{'dim': [], 'data_offset': 0}",[0.21226367354393005]
2025/08/01 14:34:49.633190557,"{'dim': [], 'data_offset': 0}",[0.21220746636390686]
2025/08/01 14:34:49.634282691,"{'dim': [], 'data_offset': 0}",[0.21158702671527863]
2025/08/01 14:34:49.635317087,"{'dim': [], 'data_offset': 0}",[0.21047818660736084]
2025/08/01 14:34:49.636288145,"{'dim': [], 'data_offset': 0}",[0.21478749811649323]
2025/08/01 14:34:49.637300790,"{'dim': [], 'data_offset': 0}",[0.21302832663059235]
2025/08/01 14:34:49.638323625,"{'dim': [], 'data_offset': 0}",[0.21305915713310242]
2025/08/01 14:34:49.639338224,"{'dim': [], 'data_offset': 0}",[0.2138175070285797]
2025/08/01 14:34:49.640285657,"{'dim': [], 'data_offset': 0}",[0.21293385326862335]
2025/08/01 14:34:49.641300997,"{'dim': [], 'data_offset': 0}",[0.21364419162273407]
2025/08/01 14:34:49.642309345,"{'dim': [], 'data_offset': 0}",[0.213815376162529]
2025/08/01 14:34:49.643303495,"{'dim': [], 'data_offset': 0}",[0.21403567492961884]
2025/08/01 14:34:49.644312774,"{'dim': [], 'data_offset': 0}",[0.21415109932422638]
2025/08/01 14:34:49.645237004,"{'dim': [], 'data_offset': 0}",[0.21426357328891754]
2025/08/01 14:34:49.646253516,"{'dim': [], 'data_offset': 0}",[0.21452696621418]
2025/08/01 14:34:49.647285388,"{'dim': [], 'data_offset': 0}",[0.214582622051239]
2025/08/01 14:34:49.648311278,"{'dim': [], 'data_offset': 0}",[0.21483975648880005]
2025/08/01 14:34:49.649351294,"{'dim': [], 'data_offset': 0}",[0.2107686847448349]
2025/08/01 14:34:49.650304809,"{'dim': [], 'data_offset': 0}",[0.2201668918132782]
2025/08/01 14:34:49.651335829,"{'dim': [], 'data_offset': 0}",[0.2153853178024292]
2025/08/01 14:34:49.652374403,"{'dim': [], 'data_offset': 0}",[0.21470002830028534]
2025/08/01 14:34:49.653336062,"{'dim': [], 'data_offset': 0}",[0.21552252769470215]
2025/08/01 14:34:49.654339641,"{'dim': [], 'data_offset': 0}",[0.21576228737831116]
2025/08/01 14:34:49.655338290,"{'dim': [], 'data_offset': 0}",[0.21574345231056213]
2025/08/01 14:34:49.656292786,"{'dim': [], 'data_offset': 0}",[0.21656900644302368]
2025/08/01 14:34:49.657336870,"{'dim': [], 'data_offset': 0}",[0.21605177223682404]
2025/08/01 14:34:49.658377047,"{'dim': [], 'data_offset': 0}",[0.21628153324127197]
2025/08/01 14:34:49.659335862,"{'dim': [], 'data_offset': 0}",[0.2155621498823166]
2025/08/01 14:34:49.660341354,"{'dim': [], 'data_offset': 0}",[0.21647968888282776]
2025/08/01 14:34:49.661358007,"{'dim': [], 'data_offset': 0}",[0.21649649739265442]
2025/08/01 14:34:49.662287887,"{'dim': [], 'data_offset': 0}",[0.217264324426651]
2025/08/01 14:34:49.663334576,"{'dim': [], 'data_offset': 0}",[0.21687279641628265]
2025/08/01 14:34:49.664375214,"{'dim': [], 'data_offset': 0}",[0.2170865535736084]
2025/08/01 14:34:49.665280097,"{'dim': [], 'data_offset': 0}",[0.21703743934631348]
2025/08/01 14:34:49.666275080,"{'dim': [], 'data_offset': 0}",[0.2170376032590866]
2025/08/01 14:34:49.667278047,"{'dim': [], 'data_offset': 0}",[0.21713882684707642]
2025/08/01 14:34:49.668275854,"{'dim': [], 'data_offset': 0}",[0.21728867292404175]
2025/08/01 14:34:49.669280024,"{'dim': [], 'data_offset': 0}",[0.2173839509487152]
2025/08/01 14:34:49.670376817,"{'dim': [], 'data_offset': 0}",[0.2175283282995224]
2025/08/01 14:34:49.671274747,"{'dim': [], 'data_offset': 0}",[0.21761775016784668]
2025/08/01 14:34:49.672291881,"{'dim': [], 'data_offset': 0}",[0.21765263378620148]
2025/08/01 14:34:49.673271895,"{'dim': [], 'data_offset': 0}",[0.21768447756767273]
2025/08/01 14:34:49.674283108,"{'dim': [], 'data_offset': 0}",[0.21786929666996002]
2025/08/01 14:34:49.675287397,"{'dim': [], 'data_offset': 0}",[0.2178954929113388]
2025/08/01 14:34:49.676282049,"{'dim': [], 'data_offset': 0}",[0.2180226743221283]
2025/08/01 14:34:49.677271731,"{'dim': [], 'data_offset': 0}",[0.21809495985507965]
2025/08/01 14:34:49.678338177,"{'dim': [], 'data_offset': 0}",[0.2170717418193817]
2025/08/01 14:34:49.679288546,"{'dim': [], 'data_offset': 0}",[0.21888551115989685]
2025/08/01 14:34:49.680272378,"{'dim': [], 'data_offset': 0}",[0.21839967370033264]
2025/08/01 14:34:49.681332582,"{'dim': [], 'data_offset': 0}",[0.21825169026851654]
2025/08/01 14:34:49.682383429,"{'dim': [], 'data_offset': 0}",[0.21851791441440582]
2025/08/01 14:34:49.683356430,"{'dim': [], 'data_offset': 0}",[0.21627171337604523]
2025/08/01 14:34:49.684292922,"{'dim': [], 'data_offset': 0}",[0.2205861657857895]
2025/08/01 14:34:49.685276153,"{'dim': [], 'data_offset': 0}",[0.2186225950717926]
2025/08/01 14:34:49.686270013,"{'dim': [], 'data_offset': 0}",[0.2187216579914093]
2025/08/01 14:34:49.687336439,"{'dim': [], 'data_offset': 0}",[0.21850429475307465]
2025/08/01 14:34:49.688287098,"{'dim': [], 'data_offset': 0}",[0.21891039609909058]
2025/08/01 14:34:49.689281199,"{'dim': [], 'data_offset': 0}",[0.21863488852977753]
2025/08/01 14:34:49.690269609,"{'dim': [], 'data_offset': 0}",[0.21861693263053894]
2025/08/01 14:34:49.691277906,"{'dim': [], 'data_offset': 0}",[0.21885798871517181]
2025/08/01 14:34:49.692279561,"{'dim': [], 'data_offset': 0}",[0.21878273785114288]
2025/08/01 14:34:49.693293989,"{'dim': [], 'data_offset': 0}",[0.21865308284759521]
2025/08/01 14:34:49.694390371,"{'dim': [], 'data_offset': 0}",[0.2190939038991928]
2025/08/01 14:34:49.695264006,"{'dim': [], 'data_offset': 0}",[0.21885287761688232]
2025/08/01 14:34:49.696277774,"{'dim': [], 'data_offset': 0}",[0.21881812810897827]
2025/08/01 14:34:49.697276834,"{'dim': [], 'data_offset': 0}",[0.21878086030483246]
2025/08/01 14:34:49.698276515,"{'dim': [], 'data_offset': 0}",[0.21884481608867645]
2025/08/01 14:34:49.699293007,"{'dim': [], 'data_offset': 0}",[0.21890589594841003]
2025/08/01 14:34:49.700219121,"{'dim': [], 'data_offset': 0}",[0.21901632845401764]
2025/08/01 14:34:49.701280637,"{'dim': [], 'data_offset': 0}",[0.21896733343601227]
2025/08/01 14:34:49.702280058,"{'dim': [], 'data_offset': 0}",[0.21875891089439392]
2025/08/01 14:34:49.703275100,"{'dim': [], 'data_offset': 0}",[0.21891272068023682]
2025/08/01 14:34:49.704264853,"{'dim': [], 'data_offset': 0}",[0.21885502338409424]
2025/08/01 14:34:49.705368939,"{'dim': [], 'data_offset': 0}",[0.21900323033332825]
2025/08/01 14:34:49.706344014,"{'dim': [], 'data_offset': 0}",[0.2189396172761917]
2025/08/01 14:34:49.707284334,"{'dim': [], 'data_offset': 0}",[0.21882109344005585]
2025/08/01 14:34:49.708272844,"{'dim': [], 'data_offset': 0}",[0.21885626018047333]
2025/08/01 14:34:49.709284217,"{'dim': [], 'data_offset': 0}",[0.2187841683626175]
2025/08/01 14:34:49.710259162,"{'dim': [], 'data_offset': 0}",[0.21886566281318665]
2025/08/01 14:34:49.711332340,"{'dim': [], 'data_offset': 0}",[0.21596229076385498]
2025/08/01 14:34:49.712298549,"{'dim': [], 'data_offset': 0}",[0.22183045744895935]
2025/08/01 14:34:49.713333125,"{'dim': [], 'data_offset': 0}",[0.2177307903766632]
2025/08/01 14:34:49.714296248,"{'dim': [], 'data_offset': 0}",[0.21923547983169556]
2025/08/01 14:34:49.715275100,"{'dim': [], 'data_offset': 0}",[0.2188648134469986]
2025/08/01 14:34:49.716282646,"{'dim': [], 'data_offset': 0}",[0.21866780519485474]
2025/08/01 14:34:49.717297545,"{'dim': [], 'data_offset': 0}",[0.21857251226902008]
2025/08/01 14:34:49.718299991,"{'dim': [], 'data_offset': 0}",[0.21868287026882172]
2025/08/01 14:34:49.719341841,"{'dim': [], 'data_offset': 0}",[0.21757978200912476]
2025/08/01 14:34:49.720337024,"{'dim': [], 'data_offset': 0}",[0.21847546100616455]
2025/08/01 14:34:49.721281331,"{'dim': [], 'data_offset': 0}",[0.21896998584270477]
2025/08/01 14:34:49.722277095,"{'dim': [], 'data_offset': 0}",[0.2183656394481659]
2025/08/01 14:34:49.723300681,"{'dim': [], 'data_offset': 0}",[0.21825316548347473]
2025/08/01 14:34:49.724300532,"{'dim': [], 'data_offset': 0}",[0.21845079958438873]
2025/08/01 14:34:49.725331181,"{'dim': [], 'data_offset': 0}",[0.21727563440799713]
2025/08/01 14:34:49.726281169,"{'dim': [], 'data_offset': 0}",[0.21762323379516602]
2025/08/01 14:34:49.727294285,"{'dim': [], 'data_offset': 0}",[0.21902784705162048]
2025/08/01 14:34:49.728278006,"{'dim': [], 'data_offset': 0}",[0.2180120348930359]
2025/08/01 14:34:49.729302644,"{'dim': [], 'data_offset': 0}",[0.2178301215171814]
2025/08/01 14:34:49.730303097,"{'dim': [], 'data_offset': 0}",[0.21795758605003357]
2025/08/01 14:34:49.731270968,"{'dim': [], 'data_offset': 0}",[0.21761420369148254]
2025/08/01 14:34:49.732273966,"{'dim': [], 'data_offset': 0}",[0.21752780675888062]
2025/08/01 14:34:49.733265672,"{'dim': [], 'data_offset': 0}",[0.21738675236701965]
2025/08/01 14:34:49.734270482,"{'dim': [], 'data_offset': 0}",[0.21750201284885406]
2025/08/01 14:34:49.735305129,"{'dim': [], 'data_offset': 0}",[0.21735501289367676]
2025/08/01 14:34:49.736309018,"{'dim': [], 'data_offset': 0}",[0.21725711226463318]
2025/08/01 14:34:49.737329227,"{'dim': [], 'data_offset': 0}",[0.21616291999816895]
2025/08/01 14:34:49.738297089,"{'dim': [], 'data_offset': 0}",[0.21769993007183075]
2025/08/01 14:34:49.739278015,"{'dim': [], 'data_offset': 0}",[0.21684208512306213]
2025/08/01 14:34:49.740273117,"{'dim': [], 'data_offset': 0}",[0.21693982183933258]
2025/08/01 14:34:49.741308024,"{'dim': [], 'data_offset': 0}",[0.21667222678661346]
2025/08/01 14:34:49.742409145,"{'dim': [], 'data_offset': 0}",[0.2157973200082779]
2025/08/01 14:34:49.743332002,"{'dim': [], 'data_offset': 0}",[0.21653974056243896]
2025/08/01 14:34:49.744337264,"{'dim': [], 'data_offset': 0}",[0.2163129597902298]
2025/08/01 14:34:49.745344459,"{'dim': [], 'data_offset': 0}",[0.21613748371601105]
2025/08/01 14:34:49.746334542,"{'dim': [], 'data_offset': 0}",[0.21611370146274567]
2025/08/01 14:34:49.747356605,"{'dim': [], 'data_offset': 0}",[0.21593166887760162]
2025/08/01 14:34:49.748311031,"{'dim': [], 'data_offset': 0}",[0.21650752425193787]
2025/08/01 14:34:49.749294712,"{'dim': [], 'data_offset': 0}",[0.21572111546993256]
2025/08/01 14:34:49.750270799,"{'dim': [], 'data_offset': 0}",[0.21558304131031036]
2025/08/01 14:34:49.751275159,"{'dim': [], 'data_offset': 0}",[0.21533924341201782]
2025/08/01 14:34:49.752276954,"{'dim': [], 'data_offset': 0}",[0.21524670720100403]
2025/08/01 14:34:49.753312141,"{'dim': [], 'data_offset': 0}",[0.21515129506587982]
