time,layout,data
2025/08/01 14:34:49.283082713,"{'dim': [], 'data_offset': 0}",[5.871370376553386e-07]
2025/08/01 14:34:49.283362256,"{'dim': [], 'data_offset': 0}",[1.7433408174838405e-06]
2025/08/01 14:34:49.284265547,"{'dim': [], 'data_offset': 0}",[3.862171524815494e-06]
2025/08/01 14:34:49.285227637,"{'dim': [], 'data_offset': 0}",[6.881502031319542e-06]
2025/08/01 14:34:49.286221968,"{'dim': [], 'data_offset': 0}",[1.0806243153638206e-05]
2025/08/01 14:34:49.287200981,"{'dim': [], 'data_offset': 0}",[1.560770397190936e-05]
2025/08/01 14:34:49.288249563,"{'dim': [], 'data_offset': 0}",[2.1289122742018662e-05]
2025/08/01 14:34:49.289249124,"{'dim': [], 'data_offset': 0}",[2.7855414373334497e-05]
2025/08/01 14:34:49.290257311,"{'dim': [], 'data_offset': 0}",[3.529333116603084e-05]
2025/08/01 14:34:49.291287469,"{'dim': [], 'data_offset': 0}",[4.361423270893283e-05]
2025/08/01 14:34:49.292235563,"{'dim': [], 'data_offset': 0}",[5.280087862047367e-05]
2025/08/01 14:34:49.293254430,"{'dim': [], 'data_offset': 0}",[6.315782957244664e-05]
2025/08/01 14:34:49.294241538,"{'dim': [], 'data_offset': 0}",[7.405452925013378e-05]
2025/08/01 14:34:49.295279621,"{'dim': [], 'data_offset': 0}",[8.571799116907641e-05]
2025/08/01 14:34:49.296236061,"{'dim': [], 'data_offset': 0}",[9.897006384562701e-05]
2025/08/01 14:34:49.297315421,"{'dim': [], 'data_offset': 0}",[0.00011332763097016141]
2025/08/01 14:34:49.298478007,"{'dim': [], 'data_offset': 0}",[0.0001282448210986331]
2025/08/01 14:34:49.299173619,"{'dim': [], 'data_offset': 0}",[0.0001416965387761593]
2025/08/01 14:34:49.300226840,"{'dim': [], 'data_offset': 0}",[0.00015825692389626056]
2025/08/01 14:34:49.301320367,"{'dim': [], 'data_offset': 0}",[0.00017564739391673356]
2025/08/01 14:34:49.302267610,"{'dim': [], 'data_offset': 0}",[0.00019360502483323216]
2025/08/01 14:34:49.303292067,"{'dim': [], 'data_offset': 0}",[0.00021266935800667852]
2025/08/01 14:34:49.304320903,"{'dim': [], 'data_offset': 0}",[0.00023350206902250648]
2025/08/01 14:34:49.305265992,"{'dim': [], 'data_offset': 0}",[0.00025267188902944326]
2025/08/01 14:34:49.306270943,"{'dim': [], 'data_offset': 0}",[0.00027410071925260127]
2025/08/01 14:34:49.307350744,"{'dim': [], 'data_offset': 0}",[0.00029654602985829115]
2025/08/01 14:34:49.308368348,"{'dim': [], 'data_offset': 0}",[0.000320260674925521]
2025/08/01 14:34:49.309333475,"{'dim': [], 'data_offset': 0}",[0.00034391641383990645]
2025/08/01 14:34:49.311928642,"{'dim': [], 'data_offset': 0}",[0.0003826565225608647]
2025/08/01 14:34:49.312200400,"{'dim': [], 'data_offset': 0}",[0.0004200238618068397]
2025/08/01 14:34:49.313227402,"{'dim': [], 'data_offset': 0}",[0.0004481600772123784]
2025/08/01 14:34:49.314230099,"{'dim': [], 'data_offset': 0}",[0.00047645109589211643]
2025/08/01 14:34:49.315306163,"{'dim': [], 'data_offset': 0}",[0.0005078508402220905]
2025/08/01 14:34:49.316476714,"{'dim': [], 'data_offset': 0}",[0.0005379901267588139]
2025/08/01 14:34:49.317293543,"{'dim': [], 'data_offset': 0}",[0.0005669324309565127]
2025/08/01 14:34:49.318279158,"{'dim': [], 'data_offset': 0}",[0.0005981935537420213]
2025/08/01 14:34:49.319281363,"{'dim': [], 'data_offset': 0}",[0.0006308172596618533]
2025/08/01 14:34:49.320324305,"{'dim': [], 'data_offset': 0}",[0.0006642627995461226]
2025/08/01 14:34:49.321314008,"{'dim': [], 'data_offset': 0}",[0.0006985762738622725]
2025/08/01 14:34:49.322425628,"{'dim': [], 'data_offset': 0}",[0.0007364563643932343]
2025/08/01 14:34:49.323322407,"{'dim': [], 'data_offset': 0}",[0.0007696516695432365]
2025/08/01 14:34:49.324225527,"{'dim': [], 'data_offset': 0}",[0.000806486583314836]
2025/08/01 14:34:49.325277546,"{'dim': [], 'data_offset': 0}",[0.0008441502577625215]
2025/08/01 14:34:49.326253753,"{'dim': [], 'data_offset': 0}",[0.0008826867560856044]
2025/08/01 14:34:49.327377977,"{'dim': [], 'data_offset': 0}",[0.000925153901334852]
2025/08/01 14:34:49.328512972,"{'dim': [], 'data_offset': 0}",[0.0009655905305407941]
2025/08/01 14:34:49.329243459,"{'dim': [], 'data_offset': 0}",[0.0010033034486696124]
2025/08/01 14:34:49.330252006,"{'dim': [], 'data_offset': 0}",[0.00104520283639431]
2025/08/01 14:34:49.331229366,"{'dim': [], 'data_offset': 0}",[0.0010879631154239178]
2025/08/01 14:34:49.332253633,"{'dim': [], 'data_offset': 0}",[0.0011315320152789354]
2025/08/01 14:34:49.333318496,"{'dim': [], 'data_offset': 0}",[0.0011759279295802116]
2025/08/01 14:34:49.334445986,"{'dim': [], 'data_offset': 0}",[0.0012250826694071293]
2025/08/01 14:34:49.335282211,"{'dim': [], 'data_offset': 0}",[0.001267205341719091]
2025/08/01 14:34:49.336278897,"{'dim': [], 'data_offset': 0}",[0.0013141061645001173]
2025/08/01 14:34:49.337226510,"{'dim': [], 'data_offset': 0}",[0.001361897331662476]
2025/08/01 14:34:49.338257690,"{'dim': [], 'data_offset': 0}",[0.0014104752335697412]
2025/08/01 14:34:49.339338503,"{'dim': [], 'data_offset': 0}",[0.0014641520101577044]
2025/08/01 14:34:49.340391273,"{'dim': [], 'data_offset': 0}",[0.0015146792866289616]
2025/08/01 14:34:49.341226196,"{'dim': [], 'data_offset': 0}",[0.0015613738214597106]
2025/08/01 14:34:49.342222811,"{'dim': [], 'data_offset': 0}",[0.001613109023310244]
2025/08/01 14:34:49.343260794,"{'dim': [], 'data_offset': 0}",[0.0016657791566103697]
2025/08/01 14:34:49.344317212,"{'dim': [], 'data_offset': 0}",[0.0017193241510540247]
2025/08/01 14:34:49.345322874,"{'dim': [], 'data_offset': 0}",[0.0017737058224156499]
2025/08/01 14:34:49.346443892,"{'dim': [], 'data_offset': 0}",[0.0018338188529014587]
2025/08/01 14:34:49.347280578,"{'dim': [], 'data_offset': 0}",[0.0018849902553483844]
2025/08/01 14:34:49.348302290,"{'dim': [], 'data_offset': 0}",[0.0019417965086176991]
2025/08/01 14:34:49.349282915,"{'dim': [], 'data_offset': 0}",[0.0019994345493614674]
2025/08/01 14:34:49.350285091,"{'dim': [], 'data_offset': 0}",[0.002057875506579876]
2025/08/01 14:34:49.351301343,"{'dim': [], 'data_offset': 0}",[0.0021172030828893185]
2025/08/01 14:34:49.352457146,"{'dim': [], 'data_offset': 0}",[0.0021829046308994293]
2025/08/01 14:34:49.353227989,"{'dim': [], 'data_offset': 0}",[0.0022381881717592478]
2025/08/01 14:34:49.354301418,"{'dim': [], 'data_offset': 0}",[0.002299943706020713]
2025/08/01 14:34:49.355324583,"{'dim': [], 'data_offset': 0}",[0.0023624657187610865]
2025/08/01 14:34:49.356316039,"{'dim': [], 'data_offset': 0}",[0.0024259795900434256]
2025/08/01 14:34:49.357315179,"{'dim': [], 'data_offset': 0}",[0.0024899982381612062]
2025/08/01 14:34:49.358225603,"{'dim': [], 'data_offset': 0}",[0.0025549763813614845]
2025/08/01 14:34:49.359254178,"{'dim': [], 'data_offset': 0}",[0.0026209496427327394]
2025/08/01 14:34:49.360430039,"{'dim': [], 'data_offset': 0}",[0.0026867263950407505]
2025/08/01 14:34:49.361463713,"{'dim': [], 'data_offset': 0}",[0.002760157687589526]
2025/08/01 14:34:49.362321238,"{'dim': [], 'data_offset': 0}",[0.0028229353483766317]
2025/08/01 14:34:49.363297185,"{'dim': [], 'data_offset': 0}",[0.00289340247400105]
2025/08/01 14:34:49.364291256,"{'dim': [], 'data_offset': 0}",[0.002961640479043126]
2025/08/01 14:34:49.365280607,"{'dim': [], 'data_offset': 0}",[0.0030321974772959948]
2025/08/01 14:34:49.366323219,"{'dim': [], 'data_offset': 0}",[0.0031036529690027237]
2025/08/01 14:34:49.367334902,"{'dim': [], 'data_offset': 0}",[0.0031758183613419533]
2025/08/01 14:34:49.368322861,"{'dim': [], 'data_offset': 0}",[0.0032487420830875635]
2025/08/01 14:34:49.369328804,"{'dim': [], 'data_offset': 0}",[0.0033225275110453367]
2025/08/01 14:34:49.370388437,"{'dim': [], 'data_offset': 0}",[0.003397050779312849]
2025/08/01 14:34:49.371325501,"{'dim': [], 'data_offset': 0}",[0.0034723803400993347]
2025/08/01 14:34:49.372335251,"{'dim': [], 'data_offset': 0}",[0.003548497799783945]
2025/08/01 14:34:49.373340152,"{'dim': [], 'data_offset': 0}",[0.003625511657446623]
2025/08/01 14:34:49.374322010,"{'dim': [], 'data_offset': 0}",[0.003703033085912466]
2025/08/01 14:34:49.375388987,"{'dim': [], 'data_offset': 0}",[0.0037868833169341087]
2025/08/01 14:34:49.376390020,"{'dim': [], 'data_offset': 0}",[0.0038609837647527456]
2025/08/01 14:34:49.377289303,"{'dim': [], 'data_offset': 0}",[0.003940922673791647]
2025/08/01 14:34:49.378316155,"{'dim': [], 'data_offset': 0}",[0.0040216767229139805]
2025/08/01 14:34:49.379322549,"{'dim': [], 'data_offset': 0}",[0.004103226587176323]
2025/08/01 14:34:49.380328501,"{'dim': [], 'data_offset': 0}",[0.0041855513118207455]
2025/08/01 14:34:49.381322883,"{'dim': [], 'data_offset': 0}",[0.004268709570169449]
2025/08/01 14:34:49.382388236,"{'dim': [], 'data_offset': 0}",[0.004353062715381384]
2025/08/01 14:34:49.383324128,"{'dim': [], 'data_offset': 0}",[0.004437363240867853]
2025/08/01 14:34:49.384320533,"{'dim': [], 'data_offset': 0}",[0.0045228563249111176]
2025/08/01 14:34:49.385323029,"{'dim': [], 'data_offset': 0}",[0.004609180148690939]
2025/08/01 14:34:49.386347106,"{'dim': [], 'data_offset': 0}",[0.004697584547102451]
2025/08/01 14:34:49.387321490,"{'dim': [], 'data_offset': 0}",[0.00478392094373703]
2025/08/01 14:34:49.388393616,"{'dim': [], 'data_offset': 0}",[0.0048729246482253075]
2025/08/01 14:34:49.389321273,"{'dim': [], 'data_offset': 0}",[0.004961565136909485]
2025/08/01 14:34:49.390334970,"{'dim': [], 'data_offset': 0}",[0.005051709711551666]
2025/08/01 14:34:49.391321516,"{'dim': [], 'data_offset': 0}",[0.005142484325915575]
2025/08/01 14:34:49.392323542,"{'dim': [], 'data_offset': 0}",[0.005234081298112869]
2025/08/01 14:34:49.393328703,"{'dim': [], 'data_offset': 0}",[0.005326544400304556]
2025/08/01 14:34:49.394398706,"{'dim': [], 'data_offset': 0}",[0.005420298781245947]
2025/08/01 14:34:49.395515757,"{'dim': [], 'data_offset': 0}",[0.005513446405529976]
2025/08/01 14:34:49.396353114,"{'dim': [], 'data_offset': 0}",[0.005612247157841921]
2025/08/01 14:34:49.397335052,"{'dim': [], 'data_offset': 0}",[0.005702780559659004]
2025/08/01 14:34:49.398316549,"{'dim': [], 'data_offset': 0}",[0.005799091886729002]
2025/08/01 14:34:49.399317582,"{'dim': [], 'data_offset': 0}",[0.005896036513149738]
2025/08/01 14:34:49.400395580,"{'dim': [], 'data_offset': 0}",[0.005994708277285099]
2025/08/01 14:34:49.401397475,"{'dim': [], 'data_offset': 0}",[0.0060918331146240234]
2025/08/01 14:34:49.402318148,"{'dim': [], 'data_offset': 0}",[0.00619091372936964]
2025/08/01 14:34:49.403321636,"{'dim': [], 'data_offset': 0}",[0.006290757562965155]
2025/08/01 14:34:49.404317771,"{'dim': [], 'data_offset': 0}",[0.006391123402863741]
2025/08/01 14:34:49.405348931,"{'dim': [], 'data_offset': 0}",[0.006493821274489164]
2025/08/01 14:34:49.406399948,"{'dim': [], 'data_offset': 0}",[0.006595834158360958]
2025/08/01 14:34:49.407280025,"{'dim': [], 'data_offset': 0}",[0.0066973259672522545]
2025/08/01 14:34:49.408326544,"{'dim': [], 'data_offset': 0}",[0.0068005952052772045]
2025/08/01 14:34:49.409320825,"{'dim': [], 'data_offset': 0}",[0.00690476456657052]
2025/08/01 14:34:49.410316879,"{'dim': [], 'data_offset': 0}",[0.007009510882198811]
2025/08/01 14:34:49.411277657,"{'dim': [], 'data_offset': 0}",[0.007111391518265009]
2025/08/01 14:34:49.412368348,"{'dim': [], 'data_offset': 0}",[0.00721745565533638]
2025/08/01 14:34:49.413267111,"{'dim': [], 'data_offset': 0}",[0.00732477568089962]
2025/08/01 14:34:49.414266181,"{'dim': [], 'data_offset': 0}",[0.007432123646140099]
2025/08/01 14:34:49.415263477,"{'dim': [], 'data_offset': 0}",[0.007540728896856308]
2025/08/01 14:34:49.416264290,"{'dim': [], 'data_offset': 0}",[0.007649973500519991]
2025/08/01 14:34:49.417255696,"{'dim': [], 'data_offset': 0}",[0.0077596972696483135]
2025/08/01 14:34:49.418265886,"{'dim': [], 'data_offset': 0}",[0.007870316505432129]
2025/08/01 14:34:49.419249287,"{'dim': [], 'data_offset': 0}",[0.007981592789292336]
2025/08/01 14:34:49.420230894,"{'dim': [], 'data_offset': 0}",[0.008093551732599735]
2025/08/01 14:34:49.421229082,"{'dim': [], 'data_offset': 0}",[0.008206512778997421]
2025/08/01 14:34:49.422212323,"{'dim': [], 'data_offset': 0}",[0.008320074528455734]
2025/08/01 14:34:49.423250897,"{'dim': [], 'data_offset': 0}",[0.008433985523879528]
2025/08/01 14:34:49.424174325,"{'dim': [], 'data_offset': 0}",[0.008548897691071033]
2025/08/01 14:34:49.425218109,"{'dim': [], 'data_offset': 0}",[0.008664372377097607]
2025/08/01 14:34:49.426213812,"{'dim': [], 'data_offset': 0}",[0.008780738338828087]
2025/08/01 14:34:49.427211950,"{'dim': [], 'data_offset': 0}",[0.008897718973457813]
2025/08/01 14:34:49.428296400,"{'dim': [], 'data_offset': 0}",[0.009018516167998314]
2025/08/01 14:34:49.429263770,"{'dim': [], 'data_offset': 0}",[0.00913370493799448]
2025/08/01 14:34:49.430371444,"{'dim': [], 'data_offset': 0}",[0.009252677671611309]
2025/08/01 14:34:49.431258604,"{'dim': [], 'data_offset': 0}",[0.009372309781610966]
2025/08/01 14:34:49.432258886,"{'dim': [], 'data_offset': 0}",[0.009492916986346245]
2025/08/01 14:34:49.433238941,"{'dim': [], 'data_offset': 0}",[0.009613804519176483]
2025/08/01 14:34:49.434251506,"{'dim': [], 'data_offset': 0}",[0.009735665284097195]
2025/08/01 14:34:49.435306360,"{'dim': [], 'data_offset': 0}",[0.009857973083853722]
2025/08/01 14:34:49.436407150,"{'dim': [], 'data_offset': 0}",[0.009981135837733746]
2025/08/01 14:34:49.437262631,"{'dim': [], 'data_offset': 0}",[0.010104975663125515]
2025/08/01 14:34:49.438269766,"{'dim': [], 'data_offset': 0}",[0.010229581035673618]
2025/08/01 14:34:49.439267093,"{'dim': [], 'data_offset': 0}",[0.01035459153354168]
2025/08/01 14:34:49.440254832,"{'dim': [], 'data_offset': 0}",[0.010480542667210102]
2025/08/01 14:34:49.441270152,"{'dim': [], 'data_offset': 0}",[0.010606982745230198]
2025/08/01 14:34:49.442380019,"{'dim': [], 'data_offset': 0}",[0.010734211653470993]
2025/08/01 14:34:49.443260588,"{'dim': [], 'data_offset': 0}",[0.01086207665503025]
2025/08/01 14:34:49.444259828,"{'dim': [], 'data_offset': 0}",[0.010990513488650322]
2025/08/01 14:34:49.445510128,"{'dim': [], 'data_offset': 0}",[0.0111374007537961]
2025/08/01 14:34:49.446507795,"{'dim': [], 'data_offset': 0}",[0.011265788227319717]
2025/08/01 14:34:49.447261987,"{'dim': [], 'data_offset': 0}",[0.01138539519160986]
2025/08/01 14:34:49.448379448,"{'dim': [], 'data_offset': 0}",[0.01152094453573227]
2025/08/01 14:34:49.449286997,"{'dim': [], 'data_offset': 0}",[0.011648368090391159]
2025/08/01 14:34:49.450290204,"{'dim': [], 'data_offset': 0}",[0.011780927889049053]
2025/08/01 14:34:49.451283934,"{'dim': [], 'data_offset': 0}",[0.011913946829736233]
2025/08/01 14:34:49.452271062,"{'dim': [], 'data_offset': 0}",[0.012047740630805492]
2025/08/01 14:34:49.453324463,"{'dim': [], 'data_offset': 0}",[0.012186389416456223]
2025/08/01 14:34:49.454413682,"{'dim': [], 'data_offset': 0}",[0.012321395799517632]
2025/08/01 14:34:49.455315199,"{'dim': [], 'data_offset': 0}",[0.012452923692762852]
2025/08/01 14:34:49.456308138,"{'dim': [], 'data_offset': 0}",[0.012589288875460625]
2025/08/01 14:34:49.457273695,"{'dim': [], 'data_offset': 0}",[0.012726192362606525]
2025/08/01 14:34:49.458310285,"{'dim': [], 'data_offset': 0}",[0.012863697484135628]
2025/08/01 14:34:49.459305858,"{'dim': [], 'data_offset': 0}",[0.013001968152821064]
2025/08/01 14:34:49.460422067,"{'dim': [], 'data_offset': 0}",[0.01314574759453535]
2025/08/01 14:34:49.461309849,"{'dim': [], 'data_offset': 0}",[0.013280999846756458]
2025/08/01 14:34:49.462316102,"{'dim': [], 'data_offset': 0}",[0.013420658186078072]
2025/08/01 14:34:49.463339027,"{'dim': [], 'data_offset': 0}",[0.013563930988311768]
2025/08/01 14:34:49.464326345,"{'dim': [], 'data_offset': 0}",[0.0137028144672513]
2025/08/01 14:34:49.465357795,"{'dim': [], 'data_offset': 0}",[0.013849830254912376]
2025/08/01 14:34:49.466418761,"{'dim': [], 'data_offset': 0}",[0.013992497697472572]
2025/08/01 14:34:49.467273631,"{'dim': [], 'data_offset': 0}",[0.0141305448487401]
2025/08/01 14:34:49.468317705,"{'dim': [], 'data_offset': 0}",[0.01427449006587267]
2025/08/01 14:34:49.469310273,"{'dim': [], 'data_offset': 0}",[0.014419290237128735]
2025/08/01 14:34:49.470308702,"{'dim': [], 'data_offset': 0}",[0.014564009383320808]
2025/08/01 14:34:49.471337106,"{'dim': [], 'data_offset': 0}",[0.014715354889631271]
2025/08/01 14:34:49.472317501,"{'dim': [], 'data_offset': 0}",[0.014855784364044666]
2025/08/01 14:34:49.473312794,"{'dim': [], 'data_offset': 0}",[0.015002841129899025]
2025/08/01 14:34:49.474331812,"{'dim': [], 'data_offset': 0}",[0.015152684412896633]
2025/08/01 14:34:49.475312818,"{'dim': [], 'data_offset': 0}",[0.015298441052436829]
2025/08/01 14:34:49.476313771,"{'dim': [], 'data_offset': 0}",[0.015447120182216167]
2025/08/01 14:34:49.477351854,"{'dim': [], 'data_offset': 0}",[0.015602529048919678]
2025/08/01 14:34:49.478426625,"{'dim': [], 'data_offset': 0}",[0.01575302891433239]
2025/08/01 14:34:49.479273981,"{'dim': [], 'data_offset': 0}",[0.015897149220108986]
2025/08/01 14:34:49.480313978,"{'dim': [], 'data_offset': 0}",[0.016047799959778786]
2025/08/01 14:34:49.481310824,"{'dim': [], 'data_offset': 0}",[0.016199249774217606]
2025/08/01 14:34:49.482324882,"{'dim': [], 'data_offset': 0}",[0.01635168306529522]
2025/08/01 14:34:49.483310126,"{'dim': [], 'data_offset': 0}",[0.01650429703295231]
2025/08/01 14:34:49.484428819,"{'dim': [], 'data_offset': 0}",[0.01666463539004326]
2025/08/01 14:34:49.485327872,"{'dim': [], 'data_offset': 0}",[0.01681423746049404]
2025/08/01 14:34:49.486316913,"{'dim': [], 'data_offset': 0}",[0.016966376453638077]
2025/08/01 14:34:49.487307617,"{'dim': [], 'data_offset': 0}",[0.01712140440940857]
2025/08/01 14:34:49.488319161,"{'dim': [], 'data_offset': 0}",[0.017277000471949577]
2025/08/01 14:34:49.489310226,"{'dim': [], 'data_offset': 0}",[0.01743331551551819]
2025/08/01 14:34:49.490430673,"{'dim': [], 'data_offset': 0}",[0.017597388476133347]
2025/08/01 14:34:49.491308987,"{'dim': [], 'data_offset': 0}",[0.01774745248258114]
2025/08/01 14:34:49.492311393,"{'dim': [], 'data_offset': 0}",[0.01790545880794525]
2025/08/01 14:34:49.493306786,"{'dim': [], 'data_offset': 0}",[0.01806398667395115]
2025/08/01 14:34:49.494305014,"{'dim': [], 'data_offset': 0}",[0.01822292059659958]
2025/08/01 14:34:49.495313922,"{'dim': [], 'data_offset': 0}",[0.018382826820015907]
2025/08/01 14:34:49.496481788,"{'dim': [], 'data_offset': 0}",[0.018564675003290176]
2025/08/01 14:34:49.497309026,"{'dim': [], 'data_offset': 0}",[0.018703265115618706]
2025/08/01 14:34:49.498315320,"{'dim': [], 'data_offset': 0}",[0.018865054473280907]
2025/08/01 14:34:49.499314330,"{'dim': [], 'data_offset': 0}",[0.019026853144168854]
2025/08/01 14:34:49.500322667,"{'dim': [], 'data_offset': 0}",[0.019189078360795975]
2025/08/01 14:34:49.501311137,"{'dim': [], 'data_offset': 0}",[0.019351880997419357]
2025/08/01 14:34:49.502435822,"{'dim': [], 'data_offset': 0}",[0.01952369324862957]
2025/08/01 14:34:49.503308906,"{'dim': [], 'data_offset': 0}",[0.019679296761751175]
2025/08/01 14:34:49.504313907,"{'dim': [], 'data_offset': 0}",[0.01984355039894581]
2025/08/01 14:34:49.505328596,"{'dim': [], 'data_offset': 0}",[0.02000884711742401]
2025/08/01 14:34:49.506323368,"{'dim': [], 'data_offset': 0}",[0.020174318924546242]
2025/08/01 14:34:49.507332086,"{'dim': [], 'data_offset': 0}",[0.020343568176031113]
2025/08/01 14:34:49.508439028,"{'dim': [], 'data_offset': 0}",[0.020516784861683846]
2025/08/01 14:34:49.509314136,"{'dim': [], 'data_offset': 0}",[0.02067475952208042]
2025/08/01 14:34:49.510312715,"{'dim': [], 'data_offset': 0}",[0.020841844379901886]
2025/08/01 14:34:49.511311284,"{'dim': [], 'data_offset': 0}",[0.02100992389023304]
2025/08/01 14:34:49.512319641,"{'dim': [], 'data_offset': 0}",[0.02117864042520523]
2025/08/01 14:34:49.513307690,"{'dim': [], 'data_offset': 0}",[0.021347949281334877]
2025/08/01 14:34:49.514342858,"{'dim': [], 'data_offset': 0}",[0.021517809480428696]
2025/08/01 14:34:49.515276675,"{'dim': [], 'data_offset': 0}",[0.021687814965844154]
2025/08/01 14:34:49.516306463,"{'dim': [], 'data_offset': 0}",[0.021858688443899155]
2025/08/01 14:34:49.517300964,"{'dim': [], 'data_offset': 0}",[0.022029617801308632]
2025/08/01 14:34:49.518294013,"{'dim': [], 'data_offset': 0}",[0.022204408422112465]
2025/08/01 14:34:49.519333979,"{'dim': [], 'data_offset': 0}",[0.022384196519851685]
2025/08/01 14:34:49.520444057,"{'dim': [], 'data_offset': 0}",[0.022557638585567474]
2025/08/01 14:34:49.521270834,"{'dim': [], 'data_offset': 0}",[0.022719664499163628]
2025/08/01 14:34:49.522304750,"{'dim': [], 'data_offset': 0}",[0.022893482819199562]
2025/08/01 14:34:49.523262392,"{'dim': [], 'data_offset': 0}",[0.023067664355039597]
2025/08/01 14:34:49.524265700,"{'dim': [], 'data_offset': 0}",[0.023242291063070297]
2025/08/01 14:34:49.525290758,"{'dim': [], 'data_offset': 0}",[0.023417610675096512]
2025/08/01 14:34:49.526432094,"{'dim': [], 'data_offset': 0}",[0.023603813722729683]
2025/08/01 14:34:49.527282105,"{'dim': [], 'data_offset': 0}",[0.023769231513142586]
2025/08/01 14:34:49.528288829,"{'dim': [], 'data_offset': 0}",[0.023945819586515427]
2025/08/01 14:34:49.529327463,"{'dim': [], 'data_offset': 0}",[0.024122966453433037]
2025/08/01 14:34:49.530271630,"{'dim': [], 'data_offset': 0}",[0.024300500750541687]
2025/08/01 14:34:49.531329280,"{'dim': [], 'data_offset': 0}",[0.024490192532539368]
2025/08/01 14:34:49.532444588,"{'dim': [], 'data_offset': 0}",[0.02466941624879837]
2025/08/01 14:34:49.533314526,"{'dim': [], 'data_offset': 0}",[0.024839622899889946]
2025/08/01 14:34:49.534275044,"{'dim': [], 'data_offset': 0}",[0.025008535012602806]
2025/08/01 14:34:49.535503322,"{'dim': [], 'data_offset': 0}",[0.025208724662661552]
2025/08/01 14:34:49.536298491,"{'dim': [], 'data_offset': 0}",[0.0253752488642931]
2025/08/01 14:34:49.537367942,"{'dim': [], 'data_offset': 0}",[0.02556796744465828]
2025/08/01 14:34:49.538326486,"{'dim': [], 'data_offset': 0}",[0.02574990503489971]
2025/08/01 14:34:49.539295730,"{'dim': [], 'data_offset': 0}",[0.02591906674206257]
2025/08/01 14:34:49.540320598,"{'dim': [], 'data_offset': 0}",[0.02610417641699314]
2025/08/01 14:34:49.541296285,"{'dim': [], 'data_offset': 0}",[0.02628377638757229]
2025/08/01 14:34:49.542297158,"{'dim': [], 'data_offset': 0}",[0.026466816663742065]
2025/08/01 14:34:49.543365808,"{'dim': [], 'data_offset': 0}",[0.02666282095015049]
2025/08/01 14:34:49.544328039,"{'dim': [], 'data_offset': 0}",[0.02684694156050682]
2025/08/01 14:34:49.545235598,"{'dim': [], 'data_offset': 0}",[0.02701847441494465]
2025/08/01 14:34:49.546312173,"{'dim': [], 'data_offset': 0}",[0.027203872799873352]
2025/08/01 14:34:49.547299280,"{'dim': [], 'data_offset': 0}",[0.027388686314225197]
2025/08/01 14:34:49.548294693,"{'dim': [], 'data_offset': 0}",[0.02757401391863823]
2025/08/01 14:34:49.549371018,"{'dim': [], 'data_offset': 0}",[0.02777370810508728]
2025/08/01 14:34:49.550331355,"{'dim': [], 'data_offset': 0}",[0.027960577979683876]
2025/08/01 14:34:49.551319024,"{'dim': [], 'data_offset': 0}",[0.02813720516860485]
2025/08/01 14:34:49.552296483,"{'dim': [], 'data_offset': 0}",[0.028320597484707832]
2025/08/01 14:34:49.553273061,"{'dim': [], 'data_offset': 0}",[0.028509089723229408]
2025/08/01 14:34:49.554305583,"{'dim': [], 'data_offset': 0}",[0.0286966934800148]
2025/08/01 14:34:49.555282372,"{'dim': [], 'data_offset': 0}",[0.028884975239634514]
2025/08/01 14:34:49.556335182,"{'dim': [], 'data_offset': 0}",[0.029088271781802177]
2025/08/01 14:34:49.557392882,"{'dim': [], 'data_offset': 0}",[0.029263561591506004]
2025/08/01 14:34:49.558296593,"{'dim': [], 'data_offset': 0}",[0.029452960938215256]
2025/08/01 14:34:49.559293319,"{'dim': [], 'data_offset': 0}",[0.02964302897453308]
2025/08/01 14:34:49.560305142,"{'dim': [], 'data_offset': 0}",[0.029835037887096405]
2025/08/01 14:34:49.561299764,"{'dim': [], 'data_offset': 0}",[0.030024666339159012]
2025/08/01 14:34:49.562430661,"{'dim': [], 'data_offset': 0}",[0.030246097594499588]
2025/08/01 14:34:49.563321077,"{'dim': [], 'data_offset': 0}",[0.030408324673771858]
2025/08/01 14:34:49.564312563,"{'dim': [], 'data_offset': 0}",[0.03060002438724041]
2025/08/01 14:34:49.565287958,"{'dim': [], 'data_offset': 0}",[0.030792150646448135]
2025/08/01 14:34:49.566303539,"{'dim': [], 'data_offset': 0}",[0.03098580613732338]
2025/08/01 14:34:49.567397166,"{'dim': [], 'data_offset': 0}",[0.03119625896215439]
2025/08/01 14:34:49.568228662,"{'dim': [], 'data_offset': 0}",[0.03137180581688881]
2025/08/01 14:34:49.569239384,"{'dim': [], 'data_offset': 0}",[0.03156566619873047]
2025/08/01 14:34:49.570282146,"{'dim': [], 'data_offset': 0}",[0.03176012635231018]
2025/08/01 14:34:49.571305691,"{'dim': [], 'data_offset': 0}",[0.03195485845208168]
2025/08/01 14:34:49.572289463,"{'dim': [], 'data_offset': 0}",[0.032149724662303925]
2025/08/01 14:34:49.573344447,"{'dim': [], 'data_offset': 0}",[0.0323486328125]
2025/08/01 14:34:49.574340972,"{'dim': [], 'data_offset': 0}",[0.032557401806116104]
2025/08/01 14:34:49.575284699,"{'dim': [], 'data_offset': 0}",[0.03273778408765793]
2025/08/01 14:34:49.576303055,"{'dim': [], 'data_offset': 0}",[0.032933611422777176]
2025/08/01 14:34:49.577296975,"{'dim': [], 'data_offset': 0}",[0.03313034772872925]
2025/08/01 14:34:49.578296105,"{'dim': [], 'data_offset': 0}",[0.03332752734422684]
2025/08/01 14:34:49.579364044,"{'dim': [], 'data_offset': 0}",[0.03354155272245407]
2025/08/01 14:34:49.580348606,"{'dim': [], 'data_offset': 0}",[0.03373992070555687]
2025/08/01 14:34:49.581242950,"{'dim': [], 'data_offset': 0}",[0.033921413123607635]
2025/08/01 14:34:49.582293126,"{'dim': [], 'data_offset': 0}",[0.03412000834941864]
2025/08/01 14:34:49.583219560,"{'dim': [], 'data_offset': 0}",[0.034318890422582626]
2025/08/01 14:34:49.584327173,"{'dim': [], 'data_offset': 0}",[0.03452128916978836]
2025/08/01 14:34:49.585216768,"{'dim': [], 'data_offset': 0}",[0.03471764549612999]
2025/08/01 14:34:49.586345410,"{'dim': [], 'data_offset': 0}",[0.0349346399307251]
2025/08/01 14:34:49.587405174,"{'dim': [], 'data_offset': 0}",[0.03511790186166763]
2025/08/01 14:34:49.588218676,"{'dim': [], 'data_offset': 0}",[0.03531808406114578]
2025/08/01 14:34:49.589302906,"{'dim': [], 'data_offset': 0}",[0.035521507263183594]
2025/08/01 14:34:49.590291356,"{'dim': [], 'data_offset': 0}",[0.035720307379961014]
2025/08/01 14:34:49.591377128,"{'dim': [], 'data_offset': 0}",[0.03594013676047325]
2025/08/01 14:34:49.592218172,"{'dim': [], 'data_offset': 0}",[0.036123450845479965]
2025/08/01 14:34:49.593221610,"{'dim': [], 'data_offset': 0}",[0.03632635250687599]
2025/08/01 14:34:49.594225269,"{'dim': [], 'data_offset': 0}",[0.03652821108698845]
2025/08/01 14:34:49.595332882,"{'dim': [], 'data_offset': 0}",[0.03673772141337395]
2025/08/01 14:34:49.596216375,"{'dim': [], 'data_offset': 0}",[0.03693364933133125]
2025/08/01 14:34:49.597261621,"{'dim': [], 'data_offset': 0}",[0.03713640198111534]
2025/08/01 14:34:49.598243038,"{'dim': [], 'data_offset': 0}",[0.037340372800827026]
2025/08/01 14:34:49.599220367,"{'dim': [], 'data_offset': 0}",[0.03754463419318199]
2025/08/01 14:34:49.600217854,"{'dim': [], 'data_offset': 0}",[0.03774825856089592]
2025/08/01 14:34:49.601222184,"{'dim': [], 'data_offset': 0}",[0.037953730672597885]
2025/08/01 14:34:49.602224651,"{'dim': [], 'data_offset': 0}",[0.038158267736434937]
2025/08/01 14:34:49.603253807,"{'dim': [], 'data_offset': 0}",[0.03836298733949661]
2025/08/01 14:34:49.604352152,"{'dim': [], 'data_offset': 0}",[0.03857694938778877]
2025/08/01 14:34:49.605291400,"{'dim': [], 'data_offset': 0}",[0.03877374902367592]
2025/08/01 14:34:49.606308504,"{'dim': [], 'data_offset': 0}",[0.03898327052593231]
2025/08/01 14:34:49.607245788,"{'dim': [], 'data_offset': 0}",[0.039185743778944016]
2025/08/01 14:34:49.608242714,"{'dim': [], 'data_offset': 0}",[0.03939221799373627]
2025/08/01 14:34:49.609237376,"{'dim': [], 'data_offset': 0}",[0.03959885612130165]
2025/08/01 14:34:49.610231366,"{'dim': [], 'data_offset': 0}",[0.03980575501918793]
2025/08/01 14:34:49.611258729,"{'dim': [], 'data_offset': 0}",[0.040012914687395096]
2025/08/01 14:34:49.612214227,"{'dim': [], 'data_offset': 0}",[0.04022033140063286]
2025/08/01 14:34:49.613330477,"{'dim': [], 'data_offset': 0}",[0.04042864590883255]
2025/08/01 14:34:49.614231834,"{'dim': [], 'data_offset': 0}",[0.04063607007265091]
2025/08/01 14:34:49.615312446,"{'dim': [], 'data_offset': 0}",[0.04084433615207672]
2025/08/01 14:34:49.616257785,"{'dim': [], 'data_offset': 0}",[0.04105314612388611]
2025/08/01 14:34:49.617313171,"{'dim': [], 'data_offset': 0}",[0.04126622900366783]
2025/08/01 14:34:49.618243822,"{'dim': [], 'data_offset': 0}",[0.04147009551525116]
2025/08/01 14:34:49.619285302,"{'dim': [], 'data_offset': 0}",[0.04167952388525009]
2025/08/01 14:34:49.620288489,"{'dim': [], 'data_offset': 0}",[0.041888490319252014]
2025/08/01 14:34:49.621226485,"{'dim': [], 'data_offset': 0}",[0.042098283767700195]
2025/08/01 14:34:49.622208974,"{'dim': [], 'data_offset': 0}",[0.04230820760130882]
2025/08/01 14:34:49.623239833,"{'dim': [], 'data_offset': 0}",[0.0425182543694973]
2025/08/01 14:34:49.624246077,"{'dim': [], 'data_offset': 0}",[0.0427284762263298]
2025/08/01 14:34:49.625243173,"{'dim': [], 'data_offset': 0}",[0.04293891787528992]
2025/08/01 14:34:49.626300041,"{'dim': [], 'data_offset': 0}",[0.043152593076229095]
2025/08/01 14:34:49.627383779,"{'dim': [], 'data_offset': 0}",[0.043361958116292953]
2025/08/01 14:34:49.628286208,"{'dim': [], 'data_offset': 0}",[0.04358769953250885]
2025/08/01 14:34:49.629227640,"{'dim': [], 'data_offset': 0}",[0.04378403350710869]
2025/08/01 14:34:49.630230257,"{'dim': [], 'data_offset': 0}",[0.04399467632174492]
2025/08/01 14:34:49.631161360,"{'dim': [], 'data_offset': 0}",[0.04419834539294243]
2025/08/01 14:34:49.632245288,"{'dim': [], 'data_offset': 0}",[0.04440993443131447]
2025/08/01 14:34:49.633176972,"{'dim': [], 'data_offset': 0}",[0.044621873646974564]
2025/08/01 14:34:49.634275518,"{'dim': [], 'data_offset': 0}",[0.044844694435596466]
2025/08/01 14:34:49.635302610,"{'dim': [], 'data_offset': 0}",[0.045055560767650604]
2025/08/01 14:34:49.636272606,"{'dim': [], 'data_offset': 0}",[0.04526843503117561]
2025/08/01 14:34:49.637284800,"{'dim': [], 'data_offset': 0}",[0.04548109322786331]
2025/08/01 14:34:49.638303196,"{'dim': [], 'data_offset': 0}",[0.04569429159164429]
2025/08/01 14:34:49.639317304,"{'dim': [], 'data_offset': 0}",[0.045899271965026855]
2025/08/01 14:34:49.640278584,"{'dim': [], 'data_offset': 0}",[0.046123359352350235]
2025/08/01 14:34:49.641280539,"{'dim': [], 'data_offset': 0}",[0.04633469507098198]
2025/08/01 14:34:49.642294657,"{'dim': [], 'data_offset': 0}",[0.046548549085855484]
2025/08/01 14:34:49.643283027,"{'dim': [], 'data_offset': 0}",[0.046762362122535706]
2025/08/01 14:34:49.644301042,"{'dim': [], 'data_offset': 0}",[0.04697680473327637]
2025/08/01 14:34:49.645215514,"{'dim': [], 'data_offset': 0}",[0.04719084873795509]
2025/08/01 14:34:49.646248407,"{'dim': [], 'data_offset': 0}",[0.04740837961435318]
2025/08/01 14:34:49.647266462,"{'dim': [], 'data_offset': 0}",[0.047620028257369995]
2025/08/01 14:34:49.648264721,"{'dim': [], 'data_offset': 0}",[0.04783490300178528]
2025/08/01 14:34:49.649333110,"{'dim': [], 'data_offset': 0}",[0.04804977774620056]
2025/08/01 14:34:49.650286435,"{'dim': [], 'data_offset': 0}",[0.048256490379571915]
2025/08/01 14:34:49.651315972,"{'dim': [], 'data_offset': 0}",[0.04847150295972824]
2025/08/01 14:34:49.652366989,"{'dim': [], 'data_offset': 0}",[0.04869887977838516]
2025/08/01 14:34:49.653315855,"{'dim': [], 'data_offset': 0}",[0.04891084134578705]
2025/08/01 14:34:49.654321306,"{'dim': [], 'data_offset': 0}",[0.04912663996219635]
2025/08/01 14:34:49.655320136,"{'dim': [], 'data_offset': 0}",[0.04934272915124893]
2025/08/01 14:34:49.656274763,"{'dim': [], 'data_offset': 0}",[0.04955039918422699]
2025/08/01 14:34:49.657318747,"{'dim': [], 'data_offset': 0}",[0.04976612702012062]
2025/08/01 14:34:49.658369673,"{'dim': [], 'data_offset': 0}",[0.04998249560594559]
2025/08/01 14:34:49.659315744,"{'dim': [], 'data_offset': 0}",[0.05020703747868538]
2025/08/01 14:34:49.660323150,"{'dim': [], 'data_offset': 0}",[0.05042381212115288]
2025/08/01 14:34:49.661339372,"{'dim': [], 'data_offset': 0}",[0.050643905997276306]
2025/08/01 14:34:49.662269863,"{'dim': [], 'data_offset': 0}",[0.050848256796598434]
2025/08/01 14:34:49.663310942,"{'dim': [], 'data_offset': 0}",[0.051065266132354736]
2025/08/01 14:34:49.664367740,"{'dim': [], 'data_offset': 0}",[0.05128166452050209]
2025/08/01 14:34:49.665261913,"{'dim': [], 'data_offset': 0}",[0.05149811878800392]
2025/08/01 14:34:49.666256936,"{'dim': [], 'data_offset': 0}",[0.0517151914536953]
2025/08/01 14:34:49.667259813,"{'dim': [], 'data_offset': 0}",[0.05193283408880234]
2025/08/01 14:34:49.668257790,"{'dim': [], 'data_offset': 0}",[0.05214974284172058]
2025/08/01 14:34:49.669261760,"{'dim': [], 'data_offset': 0}",[0.05236737057566643]
2025/08/01 14:34:49.670369403,"{'dim': [], 'data_offset': 0}",[0.05258446931838989]
2025/08/01 14:34:49.671256383,"{'dim': [], 'data_offset': 0}",[0.05280222371220589]
2025/08/01 14:34:49.672273987,"{'dim': [], 'data_offset': 0}",[0.05301981046795845]
2025/08/01 14:34:49.673253671,"{'dim': [], 'data_offset': 0}",[0.05323737487196922]
2025/08/01 14:34:49.674265064,"{'dim': [], 'data_offset': 0}",[0.05345538631081581]
2025/08/01 14:34:49.675269504,"{'dim': [], 'data_offset': 0}",[0.05367310717701912]
2025/08/01 14:34:49.676274675,"{'dim': [], 'data_offset': 0}",[0.053890906274318695]
2025/08/01 14:34:49.677253357,"{'dim': [], 'data_offset': 0}",[0.05410908907651901]
2025/08/01 14:34:49.678318951,"{'dim': [], 'data_offset': 0}",[0.0543365478515625]
2025/08/01 14:34:49.679270592,"{'dim': [], 'data_offset': 0}",[0.0545465461909771]
2025/08/01 14:34:49.680254274,"{'dim': [], 'data_offset': 0}",[0.05476420372724533]
2025/08/01 14:34:49.681313406,"{'dim': [], 'data_offset': 0}",[0.05498233437538147]
2025/08/01 14:34:49.682375985,"{'dim': [], 'data_offset': 0}",[0.055200837552547455]
2025/08/01 14:34:49.683338306,"{'dim': [], 'data_offset': 0}",[0.055431682616472244]
2025/08/01 14:34:49.684274849,"{'dim': [], 'data_offset': 0}",[0.05563805624842644]
2025/08/01 14:34:49.685257848,"{'dim': [], 'data_offset': 0}",[0.05585671216249466]
2025/08/01 14:34:49.686252039,"{'dim': [], 'data_offset': 0}",[0.05607469007372856]
2025/08/01 14:34:49.687318024,"{'dim': [], 'data_offset': 0}",[0.05629364773631096]
2025/08/01 14:34:49.688279684,"{'dim': [], 'data_offset': 0}",[0.05651191622018814]
2025/08/01 14:34:49.689262714,"{'dim': [], 'data_offset': 0}",[0.05673147365450859]
2025/08/01 14:34:49.690251254,"{'dim': [], 'data_offset': 0}",[0.05694913491606712]
2025/08/01 14:34:49.691259602,"{'dim': [], 'data_offset': 0}",[0.05716787278652191]
2025/08/01 14:34:49.692261697,"{'dim': [], 'data_offset': 0}",[0.05738632753491402]
2025/08/01 14:34:49.693275875,"{'dim': [], 'data_offset': 0}",[0.0576057992875576]
2025/08/01 14:34:49.694382957,"{'dim': [], 'data_offset': 0}",[0.057824354618787766]
2025/08/01 14:34:49.695244610,"{'dim': [], 'data_offset': 0}",[0.0580437108874321]
2025/08/01 14:34:49.696259790,"{'dim': [], 'data_offset': 0}",[0.05826188996434212]
2025/08/01 14:34:49.697258609,"{'dim': [], 'data_offset': 0}",[0.05848086252808571]
2025/08/01 14:34:49.698258260,"{'dim': [], 'data_offset': 0}",[0.058699898421764374]
2025/08/01 14:34:49.699274663,"{'dim': [], 'data_offset': 0}",[0.05891868472099304]
2025/08/01 14:34:49.700207970,"{'dim': [], 'data_offset': 0}",[0.05913768708705902]
2025/08/01 14:34:49.701262333,"{'dim': [], 'data_offset': 0}",[0.05935642868280411]
2025/08/01 14:34:49.702261673,"{'dim': [], 'data_offset': 0}",[0.05957537889480591]
2025/08/01 14:34:49.703255954,"{'dim': [], 'data_offset': 0}",[0.059794120490550995]
2025/08/01 14:34:49.704246588,"{'dim': [], 'data_offset': 0}",[0.06001301109790802]
2025/08/01 14:34:49.705350745,"{'dim': [], 'data_offset': 0}",[0.06023194640874863]
2025/08/01 14:34:49.706326000,"{'dim': [], 'data_offset': 0}",[0.06045118346810341]
2025/08/01 14:34:49.707253116,"{'dim': [], 'data_offset': 0}",[0.060669831931591034]
2025/08/01 14:34:49.708252877,"{'dim': [], 'data_offset': 0}",[0.060888517647981644]
2025/08/01 14:34:49.709266033,"{'dim': [], 'data_offset': 0}",[0.06110749393701553]
2025/08/01 14:34:49.710240727,"{'dim': [], 'data_offset': 0}",[0.06132618710398674]
2025/08/01 14:34:49.711314166,"{'dim': [], 'data_offset': 0}",[0.061545480042696]
2025/08/01 14:34:49.712291165,"{'dim': [], 'data_offset': 0}",[0.06176396459341049]
2025/08/01 14:34:49.713314701,"{'dim': [], 'data_offset': 0}",[0.06199195608496666]
2025/08/01 14:34:49.714278044,"{'dim': [], 'data_offset': 0}",[0.062202394008636475]
2025/08/01 14:34:49.715256695,"{'dim': [], 'data_offset': 0}",[0.062420617789030075]
2025/08/01 14:34:49.716264301,"{'dim': [], 'data_offset': 0}",[0.06263874471187592]
2025/08/01 14:34:49.717279221,"{'dim': [], 'data_offset': 0}",[0.06285735964775085]
2025/08/01 14:34:49.718292377,"{'dim': [], 'data_offset': 0}",[0.0630759745836258]
2025/08/01 14:34:49.719322305,"{'dim': [], 'data_offset': 0}",[0.06330344080924988]
2025/08/01 14:34:49.720318419,"{'dim': [], 'data_offset': 0}",[0.06352278590202332]
2025/08/01 14:34:49.721262737,"{'dim': [], 'data_offset': 0}",[0.06373177468776703]
2025/08/01 14:34:49.722258410,"{'dim': [], 'data_offset': 0}",[0.0639500692486763]
2025/08/01 14:34:49.723282286,"{'dim': [], 'data_offset': 0}",[0.06416819989681244]
2025/08/01 14:34:49.724292928,"{'dim': [], 'data_offset': 0}",[0.06438601016998291]
2025/08/01 14:34:49.725311204,"{'dim': [], 'data_offset': 0}",[0.06461285799741745]
2025/08/01 14:34:49.726262404,"{'dim': [], 'data_offset': 0}",[0.06482340395450592]
2025/08/01 14:34:49.727275490,"{'dim': [], 'data_offset': 0}",[0.06504116207361221]
2025/08/01 14:34:49.728259622,"{'dim': [], 'data_offset': 0}",[0.06525822728872299]
2025/08/01 14:34:49.729284029,"{'dim': [], 'data_offset': 0}",[0.06547583639621735]
2025/08/01 14:34:49.730295322,"{'dim': [], 'data_offset': 0}",[0.06569340825080872]
2025/08/01 14:34:49.731252584,"{'dim': [], 'data_offset': 0}",[0.06591111421585083]
2025/08/01 14:34:49.732255231,"{'dim': [], 'data_offset': 0}",[0.0661286786198616]
2025/08/01 14:34:49.733246887,"{'dim': [], 'data_offset': 0}",[0.06634620577096939]
2025/08/01 14:34:49.734252158,"{'dim': [], 'data_offset': 0}",[0.06656347960233688]
2025/08/01 14:34:49.735286574,"{'dim': [], 'data_offset': 0}",[0.06678087264299393]
2025/08/01 14:34:49.736301373,"{'dim': [], 'data_offset': 0}",[0.0669979602098465]
2025/08/01 14:34:49.737309170,"{'dim': [], 'data_offset': 0}",[0.06722425669431686]
2025/08/01 14:34:49.738278343,"{'dim': [], 'data_offset': 0}",[0.0674329623579979]
2025/08/01 14:34:49.739259430,"{'dim': [], 'data_offset': 0}",[0.0676497370004654]
2025/08/01 14:34:49.740254332,"{'dim': [], 'data_offset': 0}",[0.067866250872612]
2025/08/01 14:34:49.741289279,"{'dim': [], 'data_offset': 0}",[0.06808280199766159]
2025/08/01 14:34:49.742401360,"{'dim': [], 'data_offset': 0}",[0.06831911206245422]
2025/08/01 14:34:49.743313638,"{'dim': [], 'data_offset': 0}",[0.06852468848228455]
2025/08/01 14:34:49.744318749,"{'dim': [], 'data_offset': 0}",[0.06874093413352966]
2025/08/01 14:34:49.745325914,"{'dim': [], 'data_offset': 0}",[0.06895716488361359]
2025/08/01 14:34:49.746316047,"{'dim': [], 'data_offset': 0}",[0.06917320936918259]
2025/08/01 14:34:49.747337429,"{'dim': [], 'data_offset': 0}",[0.06939174979925156]
2025/08/01 14:34:49.748303367,"{'dim': [], 'data_offset': 0}",[0.06959688663482666]
