time,layout,data
2025/08/01 14:34:49.283230590,"{'dim': [], 'data_offset': 0}",[4.486338980314031e-07]
2025/08/01 14:34:49.283432838,"{'dim': [], 'data_offset': 0}",[5.7535529776941985e-05]
2025/08/01 14:34:49.284313937,"{'dim': [], 'data_offset': 0}",[6.0408110584830865e-05]
2025/08/01 14:34:49.285275126,"{'dim': [], 'data_offset': 0}",[6.427126936614513e-05]
2025/08/01 14:34:49.286261342,"{'dim': [], 'data_offset': 0}",[6.803275027778e-05]
2025/08/01 14:34:49.287253148,"{'dim': [], 'data_offset': 0}",[7.190634642029181e-05]
2025/08/01 14:34:49.288300218,"{'dim': [], 'data_offset': 0}",[7.58124006097205e-05]
2025/08/01 14:34:49.289293547,"{'dim': [], 'data_offset': 0}",[7.970760634634644e-05]
2025/08/01 14:34:49.290303227,"{'dim': [], 'data_offset': 0}",[8.366254769498482e-05]
2025/08/01 14:34:49.291330429,"{'dim': [], 'data_offset': 0}",[8.759694901527837e-05]
2025/08/01 14:34:49.292266592,"{'dim': [], 'data_offset': 0}",[9.154532745014876e-05]
2025/08/01 14:34:49.293304013,"{'dim': [], 'data_offset': 0}",[9.538621088722721e-05]
2025/08/01 14:34:49.294289628,"{'dim': [], 'data_offset': 0}",[0.0001015098241623491]
2025/08/01 14:34:49.295320988,"{'dim': [], 'data_offset': 0}",[0.00010531850421102718]
2025/08/01 14:34:49.296292557,"{'dim': [], 'data_offset': 0}",[0.00010791001113830134]
2025/08/01 14:34:49.297361367,"{'dim': [], 'data_offset': 0}",[0.00011401448864489794]
2025/08/01 14:34:49.298518453,"{'dim': [], 'data_offset': 0}",[0.00011617460404522717]
2025/08/01 14:34:49.299242698,"{'dim': [], 'data_offset': 0}",[0.00012056257401127368]
2025/08/01 14:34:49.300269029,"{'dim': [], 'data_offset': 0}",[0.00012410260387696326]
2025/08/01 14:34:49.301363127,"{'dim': [], 'data_offset': 0}",[0.00012806411541532725]
2025/08/01 14:34:49.302297115,"{'dim': [], 'data_offset': 0}",[0.00013253976067062467]
2025/08/01 14:34:49.303335769,"{'dim': [], 'data_offset': 0}",[0.00013685185695067048]
2025/08/01 14:34:49.304378831,"{'dim': [], 'data_offset': 0}",[0.00014112039934843779]
2025/08/01 14:34:49.305348226,"{'dim': [], 'data_offset': 0}",[0.00014540205302182585]
2025/08/01 14:34:49.306296140,"{'dim': [], 'data_offset': 0}",[0.0001495085598435253]
2025/08/01 14:34:49.307389226,"{'dim': [], 'data_offset': 0}",[0.00015369529137387872]
2025/08/01 14:34:49.308408513,"{'dim': [], 'data_offset': 0}",[0.00015534709382336587]
2025/08/01 14:34:49.309373419,"{'dim': [], 'data_offset': 0}",[0.000168847938766703]
2025/08/01 14:34:49.311941145,"{'dim': [], 'data_offset': 0}",[0.0001604222197784111]
2025/08/01 14:34:49.312241658,"{'dim': [], 'data_offset': 0}",[0.0001884836092358455]
2025/08/01 14:34:49.313276474,"{'dim': [], 'data_offset': 0}",[0.0001825324579840526]
2025/08/01 14:34:49.314275234,"{'dim': [], 'data_offset': 0}",[0.0001846199738793075]
2025/08/01 14:34:49.315383809,"{'dim': [], 'data_offset': 0}",[0.0001893653388833627]
2025/08/01 14:34:49.316516178,"{'dim': [], 'data_offset': 0}",[0.00019400268502067775]
2025/08/01 14:34:49.317342635,"{'dim': [], 'data_offset': 0}",[0.00019837671425193548]
2025/08/01 14:34:49.318322338,"{'dim': [], 'data_offset': 0}",[0.0002027899754466489]
2025/08/01 14:34:49.319326267,"{'dim': [], 'data_offset': 0}",[0.00020741515618283302]
2025/08/01 14:34:49.320369009,"{'dim': [], 'data_offset': 0}",[0.00021549225493799895]
2025/08/01 14:34:49.321356337,"{'dim': [], 'data_offset': 0}",[0.0002166979102184996]
2025/08/01 14:34:49.322456416,"{'dim': [], 'data_offset': 0}",[0.00022155611077323556]
2025/08/01 14:34:49.323324801,"{'dim': [], 'data_offset': 0}",[0.0002300576597917825]
2025/08/01 14:34:49.324281281,"{'dim': [], 'data_offset': 0}",[0.00023466070706490427]
2025/08/01 14:34:49.325302323,"{'dim': [], 'data_offset': 0}",[0.00023567822063341737]
2025/08/01 14:34:49.326296724,"{'dim': [], 'data_offset': 0}",[0.0002402590907877311]
2025/08/01 14:34:49.327418754,"{'dim': [], 'data_offset': 0}",[0.00024583490449003875]
2025/08/01 14:34:49.328515496,"{'dim': [], 'data_offset': 0}",[0.00025456430739723146]
2025/08/01 14:34:49.329277893,"{'dim': [], 'data_offset': 0}",[0.00025539027410559356]
2025/08/01 14:34:49.330307971,"{'dim': [], 'data_offset': 0}",[0.00026004237588495016]
2025/08/01 14:34:49.331288015,"{'dim': [], 'data_offset': 0}",[0.00026518554659560323]
2025/08/01 14:34:49.332301132,"{'dim': [], 'data_offset': 0}",[0.00027008747565560043]
2025/08/01 14:34:49.333362478,"{'dim': [], 'data_offset': 0}",[0.00027001544367522]
2025/08/01 14:34:49.334451897,"{'dim': [], 'data_offset': 0}",[0.0002851537719834596]
2025/08/01 14:34:49.335329921,"{'dim': [], 'data_offset': 0}",[0.00028576969634741545]
2025/08/01 14:34:49.336326245,"{'dim': [], 'data_offset': 0}",[0.0002905097499024123]
2025/08/01 14:34:49.337282625,"{'dim': [], 'data_offset': 0}",[0.0002956884272862226]
2025/08/01 14:34:49.338283278,"{'dim': [], 'data_offset': 0}",[0.00030538722057826817]
2025/08/01 14:34:49.339391963,"{'dim': [], 'data_offset': 0}",[0.0003063923795707524]
2025/08/01 14:34:49.340410199,"{'dim': [], 'data_offset': 0}",[0.000315689918352291]
2025/08/01 14:34:49.341284906,"{'dim': [], 'data_offset': 0}",[0.0003177970938850194]
2025/08/01 14:34:49.342268757,"{'dim': [], 'data_offset': 0}",[0.0003221679071430117]
2025/08/01 14:34:49.343294127,"{'dim': [], 'data_offset': 0}",[0.00032696989364922047]
2025/08/01 14:34:49.344359421,"{'dim': [], 'data_offset': 0}",[0.0003373631334397942]
2025/08/01 14:34:49.345363570,"{'dim': [], 'data_offset': 0}",[0.000339167017955333]
2025/08/01 14:34:49.346462186,"{'dim': [], 'data_offset': 0}",[0.000349303794791922]
2025/08/01 14:34:49.347324510,"{'dim': [], 'data_offset': 0}",[0.00034941587364301085]
2025/08/01 14:34:49.348339961,"{'dim': [], 'data_offset': 0}",[0.00035493337782099843]
2025/08/01 14:34:49.349328000,"{'dim': [], 'data_offset': 0}",[0.0003604513476602733]
2025/08/01 14:34:49.350335315,"{'dim': [], 'data_offset': 0}",[0.000366085150744766]
2025/08/01 14:34:49.351339675,"{'dim': [], 'data_offset': 0}",[0.000371759437257424]
2025/08/01 14:34:49.352458359,"{'dim': [], 'data_offset': 0}",[0.00037769952905364335]
2025/08/01 14:34:49.353286078,"{'dim': [], 'data_offset': 0}",[0.000388695509172976]
2025/08/01 14:34:49.354343758,"{'dim': [], 'data_offset': 0}",[0.0003893586399499327]
2025/08/01 14:34:49.355365470,"{'dim': [], 'data_offset': 0}",[0.0003944693598896265]
2025/08/01 14:34:49.356356675,"{'dim': [], 'data_offset': 0}",[0.000406896899221465]
2025/08/01 14:34:49.357356566,"{'dim': [], 'data_offset': 0}",[0.00040669352165423334]
2025/08/01 14:34:49.358269385,"{'dim': [], 'data_offset': 0}",[0.00041272511589340866]
2025/08/01 14:34:49.359300575,"{'dim': [], 'data_offset': 0}",[0.00041842926293611526]
2025/08/01 14:34:49.360537490,"{'dim': [], 'data_offset': 0}",[0.00042361667146906257]
2025/08/01 14:34:49.361507926,"{'dim': [], 'data_offset': 0}",[0.00043087638914585114]
2025/08/01 14:34:49.362341286,"{'dim': [], 'data_offset': 0}",[0.0004262675065547228]
2025/08/01 14:34:49.363315950,"{'dim': [], 'data_offset': 0}",[0.0004613228084053844]
2025/08/01 14:34:49.364293520,"{'dim': [], 'data_offset': 0}",[0.0004491641011554748]
2025/08/01 14:34:49.365297259,"{'dim': [], 'data_offset': 0}",[0.000454897090094164]
2025/08/01 14:34:49.366328619,"{'dim': [], 'data_offset': 0}",[0.00046169428969733417]
2025/08/01 14:34:49.367340763,"{'dim': [], 'data_offset': 0}",[0.00046777844545431435]
2025/08/01 14:34:49.368329393,"{'dim': [], 'data_offset': 0}",[0.00047411504783667624]
2025/08/01 14:34:49.369334825,"{'dim': [], 'data_offset': 0}",[0.0004804949858225882]
2025/08/01 14:34:49.370396422,"{'dim': [], 'data_offset': 0}",[0.00048691575648263097]
2025/08/01 14:34:49.371331522,"{'dim': [], 'data_offset': 0}",[0.0004933768650516868]
2025/08/01 14:34:49.372341352,"{'dim': [], 'data_offset': 0}",[0.000499880057759583]
2025/08/01 14:34:49.373346774,"{'dim': [], 'data_offset': 0}",[0.0005063100252300501]
2025/08/01 14:34:49.374328201,"{'dim': [], 'data_offset': 0}",[0.0005131352227181196]
2025/08/01 14:34:49.375395198,"{'dim': [], 'data_offset': 0}",[0.0005199114675633609]
2025/08/01 14:34:49.376399097,"{'dim': [], 'data_offset': 0}",[0.0005266307853162289]
2025/08/01 14:34:49.377305243,"{'dim': [], 'data_offset': 0}",[0.0005329051637090743]
2025/08/01 14:34:49.378323789,"{'dim': [], 'data_offset': 0}",[0.0005399128422141075]
2025/08/01 14:34:49.379328961,"{'dim': [], 'data_offset': 0}",[0.0005464450805447996]
2025/08/01 14:34:49.380334703,"{'dim': [], 'data_offset': 0}",[0.0005534144002012908]
2025/08/01 14:34:49.381329034,"{'dim': [], 'data_offset': 0}",[0.0005604334292002022]
2025/08/01 14:34:49.382394879,"{'dim': [], 'data_offset': 0}",[0.0005671108374372125]
2025/08/01 14:34:49.383330049,"{'dim': [], 'data_offset': 0}",[0.0005743522197008133]
2025/08/01 14:34:49.384326835,"{'dim': [], 'data_offset': 0}",[0.0005810739821754396]
2025/08/01 14:34:49.385329371,"{'dim': [], 'data_offset': 0}",[0.0005882784607820213]
2025/08/01 14:34:49.386353258,"{'dim': [], 'data_offset': 0}",[0.0005909150349907577]
2025/08/01 14:34:49.387327701,"{'dim': [], 'data_offset': 0}",[0.0006072517717257142]
2025/08/01 14:34:49.388401281,"{'dim': [], 'data_offset': 0}",[0.0006100357277318835]
2025/08/01 14:34:49.389327324,"{'dim': [], 'data_offset': 0}",[0.0006168005638755858]
2025/08/01 14:34:49.390341031,"{'dim': [], 'data_offset': 0}",[0.0006242148228920996]
2025/08/01 14:34:49.391327958,"{'dim': [], 'data_offset': 0}",[0.0006307611474767327]
2025/08/01 14:34:49.392329703,"{'dim': [], 'data_offset': 0}",[0.0006480480660684407]
2025/08/01 14:34:49.393334935,"{'dim': [], 'data_offset': 0}",[0.0006458436837419868]
2025/08/01 14:34:49.394406791,"{'dim': [], 'data_offset': 0}",[0.0006541346083395183]
2025/08/01 14:34:49.395562674,"{'dim': [], 'data_offset': 0}",[0.000623161147814244]
2025/08/01 14:34:49.396399390,"{'dim': [], 'data_offset': 0}",[0.0007019629701972008]
2025/08/01 14:34:49.397341193,"{'dim': [], 'data_offset': 0}",[0.0006852839724160731]
2025/08/01 14:34:49.398322790,"{'dim': [], 'data_offset': 0}",[0.0006923950859345496]
2025/08/01 14:34:49.399323724,"{'dim': [], 'data_offset': 0}",[0.0006918736617080867]
2025/08/01 14:34:49.400403114,"{'dim': [], 'data_offset': 0}",[0.0006994850700721145]
2025/08/01 14:34:49.401403686,"{'dim': [], 'data_offset': 0}",[0.0007070470601320267]
2025/08/01 14:34:49.402324189,"{'dim': [], 'data_offset': 0}",[0.0007151858881115913]
2025/08/01 14:34:49.403327678,"{'dim': [], 'data_offset': 0}",[0.0007313663372769952]
2025/08/01 14:34:49.404324163,"{'dim': [], 'data_offset': 0}",[0.0007307689520530403]
2025/08/01 14:34:49.405355072,"{'dim': [], 'data_offset': 0}",[0.0007479512714780867]
2025/08/01 14:34:49.406407492,"{'dim': [], 'data_offset': 0}",[0.0007466374081559479]
2025/08/01 14:34:49.407294522,"{'dim': [], 'data_offset': 0}",[0.0007548037101514637]
2025/08/01 14:34:49.408332805,"{'dim': [], 'data_offset': 0}",[0.0007626552251167595]
2025/08/01 14:34:49.409326866,"{'dim': [], 'data_offset': 0}",[0.0007711680373176932]
2025/08/01 14:34:49.410323130,"{'dim': [], 'data_offset': 0}",[0.0007791438256390393]
2025/08/01 14:34:49.411283708,"{'dim': [], 'data_offset': 0}",[0.0007845088839530945]
2025/08/01 14:34:49.412370763,"{'dim': [], 'data_offset': 0}",[0.0008001853711903095]
2025/08/01 14:34:49.413273152,"{'dim': [], 'data_offset': 0}",[0.0008088347967714071]
2025/08/01 14:34:49.414272342,"{'dim': [], 'data_offset': 0}",[0.0008169707143679261]
2025/08/01 14:34:49.415269458,"{'dim': [], 'data_offset': 0}",[0.0008199795265682042]
2025/08/01 14:34:49.416270402,"{'dim': [], 'data_offset': 0}",[0.0008288513636216521]
2025/08/01 14:34:49.417261707,"{'dim': [], 'data_offset': 0}",[0.0008375533507205546]
2025/08/01 14:34:49.418269453,"{'dim': [], 'data_offset': 0}",[0.0008554176893085241]
2025/08/01 14:34:49.419255489,"{'dim': [], 'data_offset': 0}",[0.000854683225043118]
2025/08/01 14:34:49.420264457,"{'dim': [], 'data_offset': 0}",[0.0008633157704025507]
2025/08/01 14:34:49.421265070,"{'dim': [], 'data_offset': 0}",[0.0008812716114334762]
2025/08/01 14:34:49.422246036,"{'dim': [], 'data_offset': 0}",[0.0008809742867015302]
2025/08/01 14:34:49.423284429,"{'dim': [], 'data_offset': 0}",[0.0008888367447070777]
2025/08/01 14:34:49.424205503,"{'dim': [], 'data_offset': 0}",[0.0008981075370684266]
2025/08/01 14:34:49.425252463,"{'dim': [], 'data_offset': 0}",[0.0009069713414646685]
2025/08/01 14:34:49.426251212,"{'dim': [], 'data_offset': 0}",[0.0009154206491075456]
2025/08/01 14:34:49.427254049,"{'dim': [], 'data_offset': 0}",[0.0009253239841200411]
2025/08/01 14:34:49.428332247,"{'dim': [], 'data_offset': 0}",[0.0009236718178726733]
2025/08/01 14:34:49.429310338,"{'dim': [], 'data_offset': 0}",[0.0009542896877974272]
2025/08/01 14:34:49.430373848,"{'dim': [], 'data_offset': 0}",[0.0008396093035116792]
2025/08/01 14:34:49.431264946,"{'dim': [], 'data_offset': 0}",[0.0008572920924052596]
2025/08/01 14:34:49.432264918,"{'dim': [], 'data_offset': 0}",[0.0009703395771794021]
2025/08/01 14:34:49.433274437,"{'dim': [], 'data_offset': 0}",[0.0010990152368322015]
2025/08/01 14:34:49.434257818,"{'dim': [], 'data_offset': 0}",[0.0010969171999022365]
2025/08/01 14:34:49.435312251,"{'dim': [], 'data_offset': 0}",[0.0009979181922972202]
2025/08/01 14:34:49.436413081,"{'dim': [], 'data_offset': 0}",[0.0010078063933178782]
2025/08/01 14:34:49.437268773,"{'dim': [], 'data_offset': 0}",[0.0010169699089601636]
2025/08/01 14:34:49.438275617,"{'dim': [], 'data_offset': 0}",[0.0010267073521390557]
2025/08/01 14:34:49.439273114,"{'dim': [], 'data_offset': 0}",[0.0010354166151955724]
2025/08/01 14:34:49.440260943,"{'dim': [], 'data_offset': 0}",[0.0010460505727678537]
2025/08/01 14:34:49.441276143,"{'dim': [], 'data_offset': 0}",[0.0010553880129009485]
2025/08/01 14:34:49.442382905,"{'dim': [], 'data_offset': 0}",[0.0010647672461345792]
2025/08/01 14:34:49.443266799,"{'dim': [], 'data_offset': 0}",[0.001074188738130033]
2025/08/01 14:34:49.444265649,"{'dim': [], 'data_offset': 0}",[0.00108448532409966]
2025/08/01 14:34:49.445581882,"{'dim': [], 'data_offset': 0}",[0.0010736993281170726]
2025/08/01 14:34:49.446578958,"{'dim': [], 'data_offset': 0}",[0.0011053822236135602]
2025/08/01 14:34:49.447297493,"{'dim': [], 'data_offset': 0}",[0.0011362124932929873]
2025/08/01 14:34:49.448381853,"{'dim': [], 'data_offset': 0}",[0.001124831847846508]
2025/08/01 14:34:49.449320379,"{'dim': [], 'data_offset': 0}",[0.001133806654252112]
2025/08/01 14:34:49.450322855,"{'dim': [], 'data_offset': 0}",[0.0011443261755630374]
2025/08/01 14:34:49.451319000,"{'dim': [], 'data_offset': 0}",[0.0011540882987901568]
2025/08/01 14:34:49.452304454,"{'dim': [], 'data_offset': 0}",[0.001164194312877953]
2025/08/01 14:34:49.453357475,"{'dim': [], 'data_offset': 0}",[0.0011748659890145063]
2025/08/01 14:34:49.454420164,"{'dim': [], 'data_offset': 0}",[0.0011842461535707116]
2025/08/01 14:34:49.455321150,"{'dim': [], 'data_offset': 0}",[0.001194881508126855]
2025/08/01 14:34:49.456343324,"{'dim': [], 'data_offset': 0}",[0.0012050748337060213]
2025/08/01 14:34:49.457306797,"{'dim': [], 'data_offset': 0}",[0.0012154029682278633]
2025/08/01 14:34:49.458315946,"{'dim': [], 'data_offset': 0}",[0.001225771615281701]
2025/08/01 14:34:49.459312010,"{'dim': [], 'data_offset': 0}",[0.0012365126749500632]
2025/08/01 14:34:49.460429842,"{'dim': [], 'data_offset': 0}",[0.001246603555046022]
2025/08/01 14:34:49.461317293,"{'dim': [], 'data_offset': 0}",[0.0012576468288898468]
2025/08/01 14:34:49.462322114,"{'dim': [], 'data_offset': 0}",[0.0012793312780559063]
2025/08/01 14:34:49.463344918,"{'dim': [], 'data_offset': 0}",[0.0012738979421555996]
2025/08/01 14:34:49.464332256,"{'dim': [], 'data_offset': 0}",[0.0012941791210323572]
2025/08/01 14:34:49.465363897,"{'dim': [], 'data_offset': 0}",[0.00129992444999516]
2025/08/01 14:34:49.466425283,"{'dim': [], 'data_offset': 0}",[0.0013225501170381904]
2025/08/01 14:34:49.467288038,"{'dim': [], 'data_offset': 0}",[0.0013212603516876698]
2025/08/01 14:34:49.468323837,"{'dim': [], 'data_offset': 0}",[0.001331620616838336]
2025/08/01 14:34:49.469318038,"{'dim': [], 'data_offset': 0}",[0.0013435467844828963]
2025/08/01 14:34:49.470315835,"{'dim': [], 'data_offset': 0}",[0.0013533824821934104]
2025/08/01 14:34:49.471355040,"{'dim': [], 'data_offset': 0}",[0.0013649786124005914]
2025/08/01 14:34:49.472351846,"{'dim': [], 'data_offset': 0}",[0.001376521773636341]
2025/08/01 14:34:49.473318305,"{'dim': [], 'data_offset': 0}",[0.0013863241765648127]
2025/08/01 14:34:49.474337542,"{'dim': [], 'data_offset': 0}",[0.001392156700603664]
2025/08/01 14:34:49.475318308,"{'dim': [], 'data_offset': 0}",[0.001414568512700498]
2025/08/01 14:34:49.476319341,"{'dim': [], 'data_offset': 0}",[0.0014204070903360844]
2025/08/01 14:34:49.477357775,"{'dim': [], 'data_offset': 0}",[0.0014312061248347163]
2025/08/01 14:34:49.478432296,"{'dim': [], 'data_offset': 0}",[0.0014557013055309653]
2025/08/01 14:34:49.479287777,"{'dim': [], 'data_offset': 0}",[0.001453920966014266]
2025/08/01 14:34:49.480319689,"{'dim': [], 'data_offset': 0}",[0.0014650911325588822]
2025/08/01 14:34:49.481316324,"{'dim': [], 'data_offset': 0}",[0.0014764380175620317]
2025/08/01 14:34:49.482330562,"{'dim': [], 'data_offset': 0}",[0.0014882415998727083]
2025/08/01 14:34:49.483315907,"{'dim': [], 'data_offset': 0}",[0.001498507335782051]
2025/08/01 14:34:49.484434380,"{'dim': [], 'data_offset': 0}",[0.001511915703304112]
2025/08/01 14:34:49.485333613,"{'dim': [], 'data_offset': 0}",[0.0015225907554849982]
2025/08/01 14:34:49.486322624,"{'dim': [], 'data_offset': 0}",[0.0015343490522354841]
2025/08/01 14:34:49.487313298,"{'dim': [], 'data_offset': 0}",[0.0015450912760570645]
2025/08/01 14:34:49.488324851,"{'dim': [], 'data_offset': 0}",[0.0015575491124764085]
2025/08/01 14:34:49.489316067,"{'dim': [], 'data_offset': 0}",[0.0015816828235983849]
2025/08/01 14:34:49.490436243,"{'dim': [], 'data_offset': 0}",[0.0015805637231096625]
2025/08/01 14:34:49.491314497,"{'dim': [], 'data_offset': 0}",[0.0015929113142192364]
2025/08/01 14:34:49.492317344,"{'dim': [], 'data_offset': 0}",[0.0016045592492446303]
2025/08/01 14:34:49.493313428,"{'dim': [], 'data_offset': 0}",[0.0016151396557688713]
2025/08/01 14:34:49.494310514,"{'dim': [], 'data_offset': 0}",[0.0016287234611809254]
2025/08/01 14:34:49.495319603,"{'dim': [], 'data_offset': 0}",[0.001637229579500854]
2025/08/01 14:34:49.496487840,"{'dim': [], 'data_offset': 0}",[0.001654500956647098]
2025/08/01 14:34:49.497316350,"{'dim': [], 'data_offset': 0}",[0.0016651881160214543]
2025/08/01 14:34:49.498321221,"{'dim': [], 'data_offset': 0}",[0.0016758086858317256]
2025/08/01 14:34:49.499319930,"{'dim': [], 'data_offset': 0}",[0.0016874510329216719]
2025/08/01 14:34:49.500328408,"{'dim': [], 'data_offset': 0}",[0.00170044822152704]
2025/08/01 14:34:49.501316888,"{'dim': [], 'data_offset': 0}",[0.0017112441128119826]
2025/08/01 14:34:49.502441453,"{'dim': [], 'data_offset': 0}",[0.0017252265242859721]
2025/08/01 14:34:49.503314557,"{'dim': [], 'data_offset': 0}",[0.0017367156688123941]
2025/08/01 14:34:49.504319788,"{'dim': [], 'data_offset': 0}",[0.001748802955262363]
2025/08/01 14:34:49.505343554,"{'dim': [], 'data_offset': 0}",[0.001761110033839941]
2025/08/01 14:34:49.506329029,"{'dim': [], 'data_offset': 0}",[0.0017734428402036428]
2025/08/01 14:34:49.507337847,"{'dim': [], 'data_offset': 0}",[0.0017795547610148787]
2025/08/01 14:34:49.508444688,"{'dim': [], 'data_offset': 0}",[0.0018047565827146173]
2025/08/01 14:34:49.509319776,"{'dim': [], 'data_offset': 0}",[0.0018118779407814145]
2025/08/01 14:34:49.510318485,"{'dim': [], 'data_offset': 0}",[0.0018231401918455958]
2025/08/01 14:34:49.511316804,"{'dim': [], 'data_offset': 0}",[0.001835149945691228]
2025/08/01 14:34:49.512326544,"{'dim': [], 'data_offset': 0}",[0.0018486626213416457]
2025/08/01 14:34:49.513313391,"{'dim': [], 'data_offset': 0}",[0.001860270625911653]
2025/08/01 14:34:49.514348568,"{'dim': [], 'data_offset': 0}",[0.0018709211144596338]
2025/08/01 14:34:49.515314576,"{'dim': [], 'data_offset': 0}",[0.0018880071584135294]
2025/08/01 14:34:49.516338833,"{'dim': [], 'data_offset': 0}",[0.0018991983961313963]
2025/08/01 14:34:49.517342822,"{'dim': [], 'data_offset': 0}",[0.0019254428334534168]
2025/08/01 14:34:49.518327696,"{'dim': [], 'data_offset': 0}",[0.0019109619315713644]
2025/08/01 14:34:49.519386457,"{'dim': [], 'data_offset': 0}",[0.0019518446642905474]
2025/08/01 14:34:49.520449547,"{'dim': [], 'data_offset': 0}",[0.0019500345224514604]
2025/08/01 14:34:49.521305088,"{'dim': [], 'data_offset': 0}",[0.0019622151739895344]
2025/08/01 14:34:49.522337351,"{'dim': [], 'data_offset': 0}",[0.0019707782194018364]
2025/08/01 14:34:49.523303509,"{'dim': [], 'data_offset': 0}",[0.001991496654227376]
2025/08/01 14:34:49.524300264,"{'dim': [], 'data_offset': 0}",[0.0020039191003888845]
2025/08/01 14:34:49.525326034,"{'dim': [], 'data_offset': 0}",[0.0020121331326663494]
2025/08/01 14:34:49.526434539,"{'dim': [], 'data_offset': 0}",[0.0020288529340177774]
2025/08/01 14:34:49.527288998,"{'dim': [], 'data_offset': 0}",[0.0020415917970240116]
2025/08/01 14:34:49.528325728,"{'dim': [], 'data_offset': 0}",[0.002050612820312381]
2025/08/01 14:34:49.529333064,"{'dim': [], 'data_offset': 0}",[0.002068578964099288]
2025/08/01 14:34:49.530302118,"{'dim': [], 'data_offset': 0}",[0.0020789650734514]
2025/08/01 14:34:49.531359647,"{'dim': [], 'data_offset': 0}",[0.002093315590173006]
2025/08/01 14:34:49.532450188,"{'dim': [], 'data_offset': 0}",[0.002106725936755538]
2025/08/01 14:34:49.533360301,"{'dim': [], 'data_offset': 0}",[0.002102555939927697]
2025/08/01 14:34:49.534325768,"{'dim': [], 'data_offset': 0}",[0.0021578881423920393]
2025/08/01 14:34:49.535547776,"{'dim': [], 'data_offset': 0}",[0.0021038579288870096]
2025/08/01 14:34:49.536341171,"{'dim': [], 'data_offset': 0}",[0.002204288262873888]
2025/08/01 14:34:49.537409781,"{'dim': [], 'data_offset': 0}",[0.0021727390121668577]
2025/08/01 14:34:49.538349589,"{'dim': [], 'data_offset': 0}",[0.002185162855312228]
2025/08/01 14:34:49.539335405,"{'dim': [], 'data_offset': 0}",[0.002200209768489003]
2025/08/01 14:34:49.540362817,"{'dim': [], 'data_offset': 0}",[0.0022117390763014555]
2025/08/01 14:34:49.541339485,"{'dim': [], 'data_offset': 0}",[0.002226196462288499]
2025/08/01 14:34:49.542337714,"{'dim': [], 'data_offset': 0}",[0.002238987246528268]
2025/08/01 14:34:49.543405442,"{'dim': [], 'data_offset': 0}",[0.00225260853767395]
2025/08/01 14:34:49.544442483,"{'dim': [], 'data_offset': 0}",[0.002267459174618125]
2025/08/01 14:34:49.545257749,"{'dim': [], 'data_offset': 0}",[0.0022796406410634518]
2025/08/01 14:34:49.546353270,"{'dim': [], 'data_offset': 0}",[0.0022930018603801727]
2025/08/01 14:34:49.547340527,"{'dim': [], 'data_offset': 0}",[0.002305935835465789]
2025/08/01 14:34:49.548335039,"{'dim': [], 'data_offset': 0}",[0.002320710103958845]
2025/08/01 14:34:49.549417705,"{'dim': [], 'data_offset': 0}",[0.002333902521058917]
2025/08/01 14:34:49.550360530,"{'dim': [], 'data_offset': 0}",[0.0023483335971832275]
2025/08/01 14:34:49.551358938,"{'dim': [], 'data_offset': 0}",[0.0023613933008164167]
2025/08/01 14:34:49.552336167,"{'dim': [], 'data_offset': 0}",[0.002374672330915928]
2025/08/01 14:34:49.553316943,"{'dim': [], 'data_offset': 0}",[0.002388967201113701]
2025/08/01 14:34:49.554339417,"{'dim': [], 'data_offset': 0}",[0.0024026622995734215]
2025/08/01 14:34:49.555327256,"{'dim': [], 'data_offset': 0}",[0.002414457965642214]
2025/08/01 14:34:49.556365739,"{'dim': [], 'data_offset': 0}",[0.0024302974343299866]
2025/08/01 14:34:49.557435381,"{'dim': [], 'data_offset': 0}",[0.0024448607582598925]
2025/08/01 14:34:49.558336438,"{'dim': [], 'data_offset': 0}",[0.002455726033076644]
2025/08/01 14:34:49.559334476,"{'dim': [], 'data_offset': 0}",[0.0024708129931241274]
2025/08/01 14:34:49.560346971,"{'dim': [], 'data_offset': 0}",[0.0024860145058482885]
2025/08/01 14:34:49.561339248,"{'dim': [], 'data_offset': 0}",[0.0024978385772556067]
2025/08/01 14:34:49.562449957,"{'dim': [], 'data_offset': 0}",[0.002514071296900511]
2025/08/01 14:34:49.563333661,"{'dim': [], 'data_offset': 0}",[0.0025258997920900583]
2025/08/01 14:34:49.564352848,"{'dim': [], 'data_offset': 0}",[0.0025394479744136333]
2025/08/01 14:34:49.565334716,"{'dim': [], 'data_offset': 0}",[0.002554668579250574]
2025/08/01 14:34:49.566348553,"{'dim': [], 'data_offset': 0}",[0.002567955991253257]
2025/08/01 14:34:49.567441419,"{'dim': [], 'data_offset': 0}",[0.002566952956840396]
2025/08/01 14:34:49.568255052,"{'dim': [], 'data_offset': 0}",[0.002596049103885889]
2025/08/01 14:34:49.569261626,"{'dim': [], 'data_offset': 0}",[0.0026090615428984165]
2025/08/01 14:34:49.570323383,"{'dim': [], 'data_offset': 0}",[0.0026244199834764004]
2025/08/01 14:34:49.571350034,"{'dim': [], 'data_offset': 0}",[0.002637724159285426]
2025/08/01 14:34:49.572335238,"{'dim': [], 'data_offset': 0}",[0.0026517165824770927]
2025/08/01 14:34:49.573387508,"{'dim': [], 'data_offset': 0}",[0.002665931126102805]
2025/08/01 14:34:49.574377982,"{'dim': [], 'data_offset': 0}",[0.002680758247151971]
2025/08/01 14:34:49.575324513,"{'dim': [], 'data_offset': 0}",[0.002694064751267433]
2025/08/01 14:34:49.576343410,"{'dim': [], 'data_offset': 0}",[0.00270216166973114]
2025/08/01 14:34:49.577337811,"{'dim': [], 'data_offset': 0}",[0.0027269262354820967]
2025/08/01 14:34:49.578336601,"{'dim': [], 'data_offset': 0}",[0.002735978225246072]
2025/08/01 14:34:49.579438553,"{'dim': [], 'data_offset': 0}",[0.002751682186499238]
2025/08/01 14:34:49.580380927,"{'dim': [], 'data_offset': 0}",[0.002761736512184143]
2025/08/01 14:34:49.581264100,"{'dim': [], 'data_offset': 0}",[0.0027832835912704468]
2025/08/01 14:34:49.582331207,"{'dim': [], 'data_offset': 0}",[0.002790918108075857]
2025/08/01 14:34:49.583273401,"{'dim': [], 'data_offset': 0}",[0.0028072388377040625]
2025/08/01 14:34:49.584367068,"{'dim': [], 'data_offset': 0}",[0.0028208112344145775]
2025/08/01 14:34:49.585283112,"{'dim': [], 'data_offset': 0}",[0.0028340439312160015]
2025/08/01 14:34:49.586376639,"{'dim': [], 'data_offset': 0}",[0.0028685147408396006]
2025/08/01 14:34:49.587445840,"{'dim': [], 'data_offset': 0}",[0.002862451830878854]
2025/08/01 14:34:49.588276184,"{'dim': [], 'data_offset': 0}",[0.0028764333110302687]
2025/08/01 14:34:49.589339875,"{'dim': [], 'data_offset': 0}",[0.002892241347581148]
2025/08/01 14:34:49.590327694,"{'dim': [], 'data_offset': 0}",[0.0029047790449112654]
2025/08/01 14:34:49.591432441,"{'dim': [], 'data_offset': 0}",[0.002922156360000372]
2025/08/01 14:34:49.592271452,"{'dim': [], 'data_offset': 0}",[0.0029323846101760864]
2025/08/01 14:34:49.593258950,"{'dim': [], 'data_offset': 0}",[0.002948072738945484]
2025/08/01 14:34:49.594275402,"{'dim': [], 'data_offset': 0}",[0.002963008126243949]
2025/08/01 14:34:49.595371273,"{'dim': [], 'data_offset': 0}",[0.00297604245133698]
2025/08/01 14:34:49.596267381,"{'dim': [], 'data_offset': 0}",[0.0029914642218500376]
2025/08/01 14:34:49.597295204,"{'dim': [], 'data_offset': 0}",[0.0030007772147655487]
2025/08/01 14:34:49.598268997,"{'dim': [], 'data_offset': 0}",[0.003003212157636881]
2025/08/01 14:34:49.599277114,"{'dim': [], 'data_offset': 0}",[0.003051493316888809]
2025/08/01 14:34:49.600275633,"{'dim': [], 'data_offset': 0}",[0.003047292586416006]
2025/08/01 14:34:49.601275404,"{'dim': [], 'data_offset': 0}",[0.0030599357560276985]
2025/08/01 14:34:49.602282268,"{'dim': [], 'data_offset': 0}",[0.003078944981098175]
2025/08/01 14:34:49.603278293,"{'dim': [], 'data_offset': 0}",[0.003089879872277379]
2025/08/01 14:34:49.604371098,"{'dim': [], 'data_offset': 0}",[0.0031037796288728714]
2025/08/01 14:34:49.605330223,"{'dim': [], 'data_offset': 0}",[0.0031183280516415834]
2025/08/01 14:34:49.606352937,"{'dim': [], 'data_offset': 0}",[0.003122182795777917]
2025/08/01 14:34:49.607268060,"{'dim': [], 'data_offset': 0}",[0.0031575611792504787]
2025/08/01 14:34:49.608271027,"{'dim': [], 'data_offset': 0}",[0.0031615854240953922]
2025/08/01 14:34:49.609303509,"{'dim': [], 'data_offset': 0}",[0.0031749247573316097]
2025/08/01 14:34:49.610279125,"{'dim': [], 'data_offset': 0}",[0.0031890850514173508]
2025/08/01 14:34:49.611301219,"{'dim': [], 'data_offset': 0}",[0.003202402265742421]
2025/08/01 14:34:49.612286723,"{'dim': [], 'data_offset': 0}",[0.0032173891086131334]
2025/08/01 14:34:49.613402572,"{'dim': [], 'data_offset': 0}",[0.0032298853620886803]
2025/08/01 14:34:49.614262651,"{'dim': [], 'data_offset': 0}",[0.0032439830247312784]
2025/08/01 14:34:49.615352461,"{'dim': [], 'data_offset': 0}",[0.0032649312634021044]
2025/08/01 14:34:49.616295586,"{'dim': [], 'data_offset': 0}",[0.003273103618994355]
2025/08/01 14:34:49.617349679,"{'dim': [], 'data_offset': 0}",[0.0032883293461054564]
2025/08/01 14:34:49.618283276,"{'dim': [], 'data_offset': 0}",[0.0033030712511390448]
2025/08/01 14:34:49.619322471,"{'dim': [], 'data_offset': 0}",[0.0032971580512821674]
2025/08/01 14:34:49.620324507,"{'dim': [], 'data_offset': 0}",[0.003331184620037675]
2025/08/01 14:34:49.621287569,"{'dim': [], 'data_offset': 0}",[0.0033426503650844097]
2025/08/01 14:34:49.622263276,"{'dim': [], 'data_offset': 0}",[0.003352341242134571]
2025/08/01 14:34:49.623270851,"{'dim': [], 'data_offset': 0}",[0.0033751605078577995]
2025/08/01 14:34:49.624292393,"{'dim': [], 'data_offset': 0}",[0.003390094032511115]
2025/08/01 14:34:49.625282907,"{'dim': [], 'data_offset': 0}",[0.0034014650154858828]
2025/08/01 14:34:49.626336499,"{'dim': [], 'data_offset': 0}",[0.003409497207030654]
2025/08/01 14:34:49.627386254,"{'dim': [], 'data_offset': 0}",[0.003433209378272295]
2025/08/01 14:34:49.628325712,"{'dim': [], 'data_offset': 0}",[0.003444346599280834]
2025/08/01 14:34:49.629280168,"{'dim': [], 'data_offset': 0}",[0.003457716666162014]
2025/08/01 14:34:49.630269921,"{'dim': [], 'data_offset': 0}",[0.003445677226409316]
2025/08/01 14:34:49.631213156,"{'dim': [], 'data_offset': 0}",[0.003498211270198226]
2025/08/01 14:34:49.632281015,"{'dim': [], 'data_offset': 0}",[0.0035033109597861767]
2025/08/01 14:34:49.633214542,"{'dim': [], 'data_offset': 0}",[0.0035126323346048594]
2025/08/01 14:34:49.634293842,"{'dim': [], 'data_offset': 0}",[0.0035122528206557035]
2025/08/01 14:34:49.635338798,"{'dim': [], 'data_offset': 0}",[0.003502377774566412]
2025/08/01 14:34:49.636313983,"{'dim': [], 'data_offset': 0}",[0.0035913127940148115]
2025/08/01 14:34:49.637322190,"{'dim': [], 'data_offset': 0}",[0.003569596679881215]
2025/08/01 14:34:49.638347700,"{'dim': [], 'data_offset': 0}",[0.0035806221421808004]
2025/08/01 14:34:49.639362739,"{'dim': [], 'data_offset': 0}",[0.0036046404857188463]
2025/08/01 14:34:49.640295796,"{'dim': [], 'data_offset': 0}",[0.003599378978833556]
2025/08/01 14:34:49.641322648,"{'dim': [], 'data_offset': 0}",[0.003622896270826459]
2025/08/01 14:34:49.642331005,"{'dim': [], 'data_offset': 0}",[0.003636612556874752]
2025/08/01 14:34:49.643325166,"{'dim': [], 'data_offset': 0}",[0.003651263192296028]
2025/08/01 14:34:49.644333954,"{'dim': [], 'data_offset': 0}",[0.0036640148609876633]
2025/08/01 14:34:49.645274825,"{'dim': [], 'data_offset': 0}",[0.0036956011317670345]
2025/08/01 14:34:49.646337113,"{'dim': [], 'data_offset': 0}",[0.00369242113083601]
2025/08/01 14:34:49.647300726,"{'dim': [], 'data_offset': 0}",[0.0037039658054709435]
2025/08/01 14:34:49.648336435,"{'dim': [], 'data_offset': 0}",[0.003719481872394681]
2025/08/01 14:34:49.649338510,"{'dim': [], 'data_offset': 0}",[0.003653343301266432]
2025/08/01 14:34:49.650292266,"{'dim': [], 'data_offset': 0}",[0.0038417724426835775]
2025/08/01 14:34:49.651322995,"{'dim': [], 'data_offset': 0}",[0.0037615203764289618]
2025/08/01 14:34:49.652369303,"{'dim': [], 'data_offset': 0}",[0.003759803017601371]
2025/08/01 14:34:49.653321555,"{'dim': [], 'data_offset': 0}",[0.0037860763259232044]
2025/08/01 14:34:49.654326947,"{'dim': [], 'data_offset': 0}",[0.0038014608435332775]
2025/08/01 14:34:49.655325596,"{'dim': [], 'data_offset': 0}",[0.003811917034909129]
2025/08/01 14:34:49.656280573,"{'dim': [], 'data_offset': 0}",[0.0038382364436984062]
2025/08/01 14:34:49.657324347,"{'dim': [], 'data_offset': 0}",[0.003839086042717099]
2025/08/01 14:34:49.658371908,"{'dim': [], 'data_offset': 0}",[0.0038544009439647198]
2025/08/01 14:34:49.659321675,"{'dim': [], 'data_offset': 0}",[0.0038517164066433907]
2025/08/01 14:34:49.660328690,"{'dim': [], 'data_offset': 0}",[0.0038804553914815187]
2025/08/01 14:34:49.661345032,"{'dim': [], 'data_offset': 0}",[0.0038918706122785807]
2025/08/01 14:34:49.662275594,"{'dim': [], 'data_offset': 0}",[0.0039172121323645115]
2025/08/01 14:34:49.663317694,"{'dim': [], 'data_offset': 0}",[0.003920501098036766]
2025/08/01 14:34:49.664370044,"{'dim': [], 'data_offset': 0}",[0.003935645334422588]
2025/08/01 14:34:49.665267714,"{'dim': [], 'data_offset': 0}",[0.003945630043745041]
2025/08/01 14:34:49.666262436,"{'dim': [], 'data_offset': 0}",[0.003956621512770653]
2025/08/01 14:34:49.667265383,"{'dim': [], 'data_offset': 0}",[0.003969652112573385]
2025/08/01 14:34:49.668263631,"{'dim': [], 'data_offset': 0}",[0.003983629401773214]
2025/08/01 14:34:49.669267320,"{'dim': [], 'data_offset': 0}",[0.0039965747855603695]
2025/08/01 14:34:49.670371667,"{'dim': [], 'data_offset': 0}",[0.004010490141808987]
2025/08/01 14:34:49.671262174,"{'dim': [], 'data_offset': 0}",[0.004023357294499874]
2025/08/01 14:34:49.672279568,"{'dim': [], 'data_offset': 0}",[0.004035134334117174]
2025/08/01 14:34:49.673259292,"{'dim': [], 'data_offset': 0}",[0.004046857822686434]
2025/08/01 14:34:49.674270775,"{'dim': [], 'data_offset': 0}",[0.0040617031045258045]
2025/08/01 14:34:49.675274954,"{'dim': [], 'data_offset': 0}",[0.004073345568031073]
2025/08/01 14:34:49.676276959,"{'dim': [], 'data_offset': 0}",[0.004087050911039114]
2025/08/01 14:34:49.677259168,"{'dim': [], 'data_offset': 0}",[0.004099676385521889]
2025/08/01 14:34:49.678325824,"{'dim': [], 'data_offset': 0}",[0.004090442322194576]
2025/08/01 14:34:49.679276033,"{'dim': [], 'data_offset': 0}",[0.004138245712965727]
2025/08/01 14:34:49.680260044,"{'dim': [], 'data_offset': 0}",[0.004139462951570749]
2025/08/01 14:34:49.681319848,"{'dim': [], 'data_offset': 0}",[0.004147612955421209]
2025/08/01 14:34:49.682378289,"{'dim': [], 'data_offset': 0}",[0.0041643111035227776]
2025/08/01 14:34:49.683344197,"{'dim': [], 'data_offset': 0}",[0.004129802342504263]
2025/08/01 14:34:49.684280559,"{'dim': [], 'data_offset': 0}",[0.0042296843603253365]
2025/08/01 14:34:49.685263329,"{'dim': [], 'data_offset': 0}",[0.004200209863483906]
2025/08/01 14:34:49.686257730,"{'dim': [], 'data_offset': 0}",[0.004213497042655945]
2025/08/01 14:34:49.687323705,"{'dim': [], 'data_offset': 0}",[0.0042202468030154705]
2025/08/01 14:34:49.688281928,"{'dim': [], 'data_offset': 0}",[0.004239988978952169]
2025/08/01 14:34:49.689268655,"{'dim': [], 'data_offset': 0}",[0.004245548974722624]
2025/08/01 14:34:49.690256845,"{'dim': [], 'data_offset': 0}",[0.004256404470652342]
2025/08/01 14:34:49.691265212,"{'dim': [], 'data_offset': 0}",[0.004272777121514082]
2025/08/01 14:34:49.692267478,"{'dim': [], 'data_offset': 0}",[0.004282483831048012]
2025/08/01 14:34:49.693281366,"{'dim': [], 'data_offset': 0}",[0.004291089717298746]
2025/08/01 14:34:49.694385232,"{'dim': [], 'data_offset': 0}",[0.004311750177294016]
2025/08/01 14:34:49.695251523,"{'dim': [], 'data_offset': 0}",[0.004298240877687931]
2025/08/01 14:34:49.696265360,"{'dim': [], 'data_offset': 0}",[0.004328558221459389]
2025/08/01 14:34:49.697264320,"{'dim': [], 'data_offset': 0}",[0.004339112900197506]
2025/08/01 14:34:49.698264101,"{'dim': [], 'data_offset': 0}",[0.004332058131694794]
2025/08/01 14:34:49.699280233,"{'dim': [], 'data_offset': 0}",[0.004364508204162121]
2025/08/01 14:34:49.700210815,"{'dim': [], 'data_offset': 0}",[0.004378261044621468]
2025/08/01 14:34:49.701268114,"{'dim': [], 'data_offset': 0}",[0.004368750844150782]
2025/08/01 14:34:49.702267354,"{'dim': [], 'data_offset': 0}",[0.004395455587655306]
2025/08/01 14:34:49.703261365,"{'dim': [], 'data_offset': 0}",[0.004410162568092346]
2025/08/01 14:34:49.704252329,"{'dim': [], 'data_offset': 0}",[0.004420302342623472]
2025/08/01 14:34:49.705356305,"{'dim': [], 'data_offset': 0}",[0.00443493016064167]
2025/08/01 14:34:49.706331531,"{'dim': [], 'data_offset': 0}",[0.004444969817996025]
2025/08/01 14:34:49.707258906,"{'dim': [], 'data_offset': 0}",[0.004453776404261589]
2025/08/01 14:34:49.708260140,"{'dim': [], 'data_offset': 0}",[0.004465950652956963]
2025/08/01 14:34:49.709271533,"{'dim': [], 'data_offset': 0}",[0.004475791938602924]
2025/08/01 14:34:49.710246779,"{'dim': [], 'data_offset': 0}",[0.004489001352339983]
2025/08/01 14:34:49.711319787,"{'dim': [], 'data_offset': 0}",[0.004436421673744917]
2025/08/01 14:34:49.712293459,"{'dim': [], 'data_offset': 0}",[0.004577615763992071]
2025/08/01 14:34:49.713320492,"{'dim': [], 'data_offset': 0}",[0.004498627968132496]
2025/08/01 14:34:49.714283815,"{'dim': [], 'data_offset': 0}",[0.004543036688119173]
2025/08/01 14:34:49.715262456,"{'dim': [], 'data_offset': 0}",[0.004546214826405048]
2025/08/01 14:34:49.716270042,"{'dim': [], 'data_offset': 0}",[0.004533279221504927]
2025/08/01 14:34:49.717284891,"{'dim': [], 'data_offset': 0}",[0.004542590118944645]
2025/08/01 14:34:49.718294641,"{'dim': [], 'data_offset': 0}",[0.004576477687805891]
2025/08/01 14:34:49.719329328,"{'dim': [], 'data_offset': 0}",[0.004563603084534407]
2025/08/01 14:34:49.720324280,"{'dim': [], 'data_offset': 0}",[0.00459523219615221]
2025/08/01 14:34:49.721268467,"{'dim': [], 'data_offset': 0}",[0.004597322084009647]
2025/08/01 14:34:49.722264431,"{'dim': [], 'data_offset': 0}",[0.004615155979990959]
2025/08/01 14:34:49.723287997,"{'dim': [], 'data_offset': 0}",[0.004624048247933388]
2025/08/01 14:34:49.724295202,"{'dim': [], 'data_offset': 0}",[0.004639970138669014]
2025/08/01 14:34:49.725317475,"{'dim': [], 'data_offset': 0}",[0.004625116474926472]
2025/08/01 14:34:49.726268255,"{'dim': [], 'data_offset': 0}",[0.004644060507416725]
2025/08/01 14:34:49.727281311,"{'dim': [], 'data_offset': 0}",[0.0046876282431185246]
2025/08/01 14:34:49.728265493,"{'dim': [], 'data_offset': 0}",[0.004675770178437233]
2025/08/01 14:34:49.729289950,"{'dim': [], 'data_offset': 0}",[0.0046830251812934875]
2025/08/01 14:34:49.730297707,"{'dim': [], 'data_offset': 0}",[0.004697393625974655]
2025/08/01 14:34:49.731258585,"{'dim': [], 'data_offset': 0}",[0.004700917750597]
2025/08/01 14:34:49.732261061,"{'dim': [], 'data_offset': 0}",[0.004710352513939142]
2025/08/01 14:34:49.733252747,"{'dim': [], 'data_offset': 0}",[0.004718516021966934]
2025/08/01 14:34:49.734258239,"{'dim': [], 'data_offset': 0}",[0.004732612520456314]
2025/08/01 14:34:49.735292455,"{'dim': [], 'data_offset': 0}",[0.004760699812322855]
2025/08/01 14:34:49.736303698,"{'dim': [], 'data_offset': 0}",[0.004749763291329145]
2025/08/01 14:34:49.737317716,"{'dim': [], 'data_offset': 0}",[0.004736098926514387]
2025/08/01 14:34:49.738284385,"{'dim': [], 'data_offset': 0}",[0.004783035255968571]
2025/08/01 14:34:49.739265180,"{'dim': [], 'data_offset': 0}",[0.0047743311151862144]
2025/08/01 14:34:49.740260443,"{'dim': [], 'data_offset': 0}",[0.0047880192287266254]
2025/08/01 14:34:49.741295020,"{'dim': [], 'data_offset': 0}",[0.004793113563209772]
2025/08/01 14:34:49.742403695,"{'dim': [], 'data_offset': 0}",[0.004784886259585619]
2025/08/01 14:34:49.743319429,"{'dim': [], 'data_offset': 0}",[0.004813237581402063]
